id	class	method	parent	flags	annotations	visibility	non-primitive-return	path
1	co.yiiu.pybbs.service.ITagService	selectTagsByTopicId(co.yiiu.pybbs.util.MyPage)	0	[false]		public	false	/home/nima/Desktop/taint-docker/table4/annotator/pybbs/src/main/java/co/yiiu/pybbs/service/ITagService.java
2	co.yiiu.pybbs.service.ITagService	selectById(java.lang.Integer)	0	[false]		public	true	/home/nima/Desktop/taint-docker/table4/annotator/pybbs/src/main/java/co/yiiu/pybbs/service/ITagService.java
3	co.yiiu.pybbs.service.ITagService	selectByName(java.lang.String)	0	[false]		public	true	/home/nima/Desktop/taint-docker/table4/annotator/pybbs/src/main/java/co/yiiu/pybbs/service/ITagService.java
4	co.yiiu.pybbs.service.ITagService	selectByIds(java.util.List)	0	[false]		public	true	/home/nima/Desktop/taint-docker/table4/annotator/pybbs/src/main/java/co/yiiu/pybbs/service/ITagService.java
5	co.yiiu.pybbs.service.ITagService	selectByTopicId(java.lang.Integer)	0	[false]		public	true	/home/nima/Desktop/taint-docker/table4/annotator/pybbs/src/main/java/co/yiiu/pybbs/service/ITagService.java
6	co.yiiu.pybbs.service.ITagService	insertTag(java.lang.String)	0	[false]		public	true	/home/nima/Desktop/taint-docker/table4/annotator/pybbs/src/main/java/co/yiiu/pybbs/service/ITagService.java
7	co.yiiu.pybbs.service.ITagService	reduceTopicCount(java.lang.Integer)	0	[false]		public	false	/home/nima/Desktop/taint-docker/table4/annotator/pybbs/src/main/java/co/yiiu/pybbs/service/ITagService.java
8	co.yiiu.pybbs.service.ITagService	selectTopicByTagId(java.lang.Integer,java.lang.Integer)	0	[false, false]		public	true	/home/nima/Desktop/taint-docker/table4/annotator/pybbs/src/main/java/co/yiiu/pybbs/service/ITagService.java
9	co.yiiu.pybbs.service.ITagService	selectAll(java.lang.Integer,java.lang.Integer,java.lang.String)	0	[false, false, false]		public	true	/home/nima/Desktop/taint-docker/table4/annotator/pybbs/src/main/java/co/yiiu/pybbs/service/ITagService.java
10	co.yiiu.pybbs.service.ITagService	update(co.yiiu.pybbs.model.Tag)	0	[false]		public	false	/home/nima/Desktop/taint-docker/table4/annotator/pybbs/src/main/java/co/yiiu/pybbs/service/ITagService.java
11	co.yiiu.pybbs.service.ITagService	delete(java.lang.Integer)	0	[false]		public	false	/home/nima/Desktop/taint-docker/table4/annotator/pybbs/src/main/java/co/yiiu/pybbs/service/ITagService.java
12	co.yiiu.pybbs.service.ITagService	async()	0	[]		public	false	/home/nima/Desktop/taint-docker/table4/annotator/pybbs/src/main/java/co/yiiu/pybbs/service/ITagService.java
13	co.yiiu.pybbs.service.ITagService	countToday()	0	[]		public	false	/home/nima/Desktop/taint-docker/table4/annotator/pybbs/src/main/java/co/yiiu/pybbs/service/ITagService.java
14	co.yiiu.pybbs.util.MyPage	MyPage()	0	[]		public	false	/home/nima/Desktop/taint-docker/table4/annotator/pybbs/src/main/java/co/yiiu/pybbs/util/MyPage.java
15	co.yiiu.pybbs.util.MyPage	MyPage(long,long)	0	[false, false]		public	false	/home/nima/Desktop/taint-docker/table4/annotator/pybbs/src/main/java/co/yiiu/pybbs/util/MyPage.java
16	co.yiiu.pybbs.util.MyPage	MyPage(long,long,long)	0	[false, false, false]		public	false	/home/nima/Desktop/taint-docker/table4/annotator/pybbs/src/main/java/co/yiiu/pybbs/util/MyPage.java
17	co.yiiu.pybbs.util.MyPage	MyPage(long,long,boolean)	0	[false, false, false]		public	false	/home/nima/Desktop/taint-docker/table4/annotator/pybbs/src/main/java/co/yiiu/pybbs/util/MyPage.java
18	co.yiiu.pybbs.util.MyPage	MyPage(long,long,long,boolean)	0	[false, false, false, false]		public	false	/home/nima/Desktop/taint-docker/table4/annotator/pybbs/src/main/java/co/yiiu/pybbs/util/MyPage.java
19	co.yiiu.pybbs.util.MyPage	getPages()	20	[]		public	false	/home/nima/Desktop/taint-docker/table4/annotator/pybbs/src/main/java/co/yiiu/pybbs/util/MyPage.java
21	co.yiiu.pybbs.util.MyPage	hasPrevious()	22	[]		public	false	/home/nima/Desktop/taint-docker/table4/annotator/pybbs/src/main/java/co/yiiu/pybbs/util/MyPage.java
23	co.yiiu.pybbs.util.MyPage	hasNext()	24	[]		public	false	/home/nima/Desktop/taint-docker/table4/annotator/pybbs/src/main/java/co/yiiu/pybbs/util/MyPage.java
25	co.yiiu.pybbs.util.MyPage	getRecords()	26	[]		public	true	/home/nima/Desktop/taint-docker/table4/annotator/pybbs/src/main/java/co/yiiu/pybbs/util/MyPage.java
27	co.yiiu.pybbs.util.MyPage	setRecords(java.util.List)	28	[false]		public	true	/home/nima/Desktop/taint-docker/table4/annotator/pybbs/src/main/java/co/yiiu/pybbs/util/MyPage.java
29	co.yiiu.pybbs.util.MyPage	getTotal()	30	[]		public	false	/home/nima/Desktop/taint-docker/table4/annotator/pybbs/src/main/java/co/yiiu/pybbs/util/MyPage.java
31	co.yiiu.pybbs.util.MyPage	setTotal(long)	32	[false]		public	true	/home/nima/Desktop/taint-docker/table4/annotator/pybbs/src/main/java/co/yiiu/pybbs/util/MyPage.java
33	co.yiiu.pybbs.util.MyPage	getSize()	34	[]		public	false	/home/nima/Desktop/taint-docker/table4/annotator/pybbs/src/main/java/co/yiiu/pybbs/util/MyPage.java
35	co.yiiu.pybbs.util.MyPage	setSize(long)	36	[false]		public	true	/home/nima/Desktop/taint-docker/table4/annotator/pybbs/src/main/java/co/yiiu/pybbs/util/MyPage.java
37	co.yiiu.pybbs.util.MyPage	getCurrent()	38	[]		public	false	/home/nima/Desktop/taint-docker/table4/annotator/pybbs/src/main/java/co/yiiu/pybbs/util/MyPage.java
39	co.yiiu.pybbs.util.MyPage	setCurrent(long)	40	[false]		public	true	/home/nima/Desktop/taint-docker/table4/annotator/pybbs/src/main/java/co/yiiu/pybbs/util/MyPage.java
41	co.yiiu.pybbs.util.MyPage	ascs()	42	[]		public	true	/home/nima/Desktop/taint-docker/table4/annotator/pybbs/src/main/java/co/yiiu/pybbs/util/MyPage.java
43	co.yiiu.pybbs.util.MyPage	setAscs(java.util.List)	44	[false]		public	true	/home/nima/Desktop/taint-docker/table4/annotator/pybbs/src/main/java/co/yiiu/pybbs/util/MyPage.java
45	co.yiiu.pybbs.util.MyPage	setAsc(java.lang.String[])	46	[false]		public	true	/home/nima/Desktop/taint-docker/table4/annotator/pybbs/src/main/java/co/yiiu/pybbs/util/MyPage.java
47	co.yiiu.pybbs.util.MyPage	descs()	48	[]		public	true	/home/nima/Desktop/taint-docker/table4/annotator/pybbs/src/main/java/co/yiiu/pybbs/util/MyPage.java
49	co.yiiu.pybbs.util.MyPage	setDescs(java.util.List)	50	[false]		public	true	/home/nima/Desktop/taint-docker/table4/annotator/pybbs/src/main/java/co/yiiu/pybbs/util/MyPage.java
51	co.yiiu.pybbs.util.MyPage	setDesc(java.lang.String[])	52	[false]		public	true	/home/nima/Desktop/taint-docker/table4/annotator/pybbs/src/main/java/co/yiiu/pybbs/util/MyPage.java
53	co.yiiu.pybbs.util.MyPage	optimizeCountSql()	54	[]		public	false	/home/nima/Desktop/taint-docker/table4/annotator/pybbs/src/main/java/co/yiiu/pybbs/util/MyPage.java
55	co.yiiu.pybbs.util.MyPage	isSearchCount()	56	[]		public	false	/home/nima/Desktop/taint-docker/table4/annotator/pybbs/src/main/java/co/yiiu/pybbs/util/MyPage.java
57	co.yiiu.pybbs.util.MyPage	setSearchCount(boolean)	58	[false]		public	true	/home/nima/Desktop/taint-docker/table4/annotator/pybbs/src/main/java/co/yiiu/pybbs/util/MyPage.java
59	co.yiiu.pybbs.util.MyPage	setOptimizeCountSql(boolean)	60	[false]		public	true	/home/nima/Desktop/taint-docker/table4/annotator/pybbs/src/main/java/co/yiiu/pybbs/util/MyPage.java
61	co.yiiu.pybbs.model.Tag	getInTime()	0	[]		public	true	/home/nima/Desktop/taint-docker/table4/annotator/pybbs/src/main/java/co/yiiu/pybbs/model/Tag.java
62	co.yiiu.pybbs.model.Tag	setInTime(java.util.Date)	0	[false]		public	false	/home/nima/Desktop/taint-docker/table4/annotator/pybbs/src/main/java/co/yiiu/pybbs/model/Tag.java
63	co.yiiu.pybbs.model.Tag	getId()	0	[]		public	true	/home/nima/Desktop/taint-docker/table4/annotator/pybbs/src/main/java/co/yiiu/pybbs/model/Tag.java
64	co.yiiu.pybbs.model.Tag	setId(java.lang.Integer)	0	[false]		public	false	/home/nima/Desktop/taint-docker/table4/annotator/pybbs/src/main/java/co/yiiu/pybbs/model/Tag.java
65	co.yiiu.pybbs.model.Tag	getName()	0	[]		public	true	/home/nima/Desktop/taint-docker/table4/annotator/pybbs/src/main/java/co/yiiu/pybbs/model/Tag.java
66	co.yiiu.pybbs.model.Tag	setName(java.lang.String)	0	[false]		public	false	/home/nima/Desktop/taint-docker/table4/annotator/pybbs/src/main/java/co/yiiu/pybbs/model/Tag.java
67	co.yiiu.pybbs.model.Tag	getDescription()	0	[]		public	true	/home/nima/Desktop/taint-docker/table4/annotator/pybbs/src/main/java/co/yiiu/pybbs/model/Tag.java
68	co.yiiu.pybbs.model.Tag	setDescription(java.lang.String)	0	[false]		public	false	/home/nima/Desktop/taint-docker/table4/annotator/pybbs/src/main/java/co/yiiu/pybbs/model/Tag.java
69	co.yiiu.pybbs.model.Tag	getIcon()	0	[]		public	true	/home/nima/Desktop/taint-docker/table4/annotator/pybbs/src/main/java/co/yiiu/pybbs/model/Tag.java
70	co.yiiu.pybbs.model.Tag	setIcon(java.lang.String)	0	[false]		public	false	/home/nima/Desktop/taint-docker/table4/annotator/pybbs/src/main/java/co/yiiu/pybbs/model/Tag.java
71	co.yiiu.pybbs.model.Tag	getTopicCount()	0	[]		public	true	/home/nima/Desktop/taint-docker/table4/annotator/pybbs/src/main/java/co/yiiu/pybbs/model/Tag.java
72	co.yiiu.pybbs.model.Tag	setTopicCount(java.lang.Integer)	0	[false]		public	false	/home/nima/Desktop/taint-docker/table4/annotator/pybbs/src/main/java/co/yiiu/pybbs/model/Tag.java
73	co.yiiu.pybbs.config.WebMvcConfig	addCorsMappings(org.springframework.web.servlet.config.annotation.CorsRegistry)	74	[false]	java.lang.Override	protected	false	/home/nima/Desktop/taint-docker/table4/annotator/pybbs/src/main/java/co/yiiu/pybbs/config/WebMvcConfig.java
75	co.yiiu.pybbs.config.WebMvcConfig	addInterceptors(org.springframework.web.servlet.config.annotation.InterceptorRegistry)	76	[false]	java.lang.Override	protected	false	/home/nima/Desktop/taint-docker/table4/annotator/pybbs/src/main/java/co/yiiu/pybbs/config/WebMvcConfig.java
77	co.yiiu.pybbs.config.WebMvcConfig	addResourceHandlers(org.springframework.web.servlet.config.annotation.ResourceHandlerRegistry)	78	[false]	java.lang.Override	protected	false	/home/nima/Desktop/taint-docker/table4/annotator/pybbs/src/main/java/co/yiiu/pybbs/config/WebMvcConfig.java
79	co.yiiu.pybbs.config.WebMvcConfig	localeResolver()	0	[]	org.springframework.context.annotation.Bean	public	true	/home/nima/Desktop/taint-docker/table4/annotator/pybbs/src/main/java/co/yiiu/pybbs/config/WebMvcConfig.java
80	co.yiiu.pybbs.interceptor.CommonInterceptor	preHandle(javax.servlet.http.HttpServletRequest,javax.servlet.http.HttpServletResponse,java.lang.Object)	81	[false, false, false]	java.lang.Override	public	false	/home/nima/Desktop/taint-docker/table4/annotator/pybbs/src/main/java/co/yiiu/pybbs/interceptor/CommonInterceptor.java
82	co.yiiu.pybbs.interceptor.CommonInterceptor	postHandle(javax.servlet.http.HttpServletRequest,javax.servlet.http.HttpServletResponse,java.lang.Object,org.springframework.web.servlet.ModelAndView)	83	[false, false, false, false]	java.lang.Override	public	false	/home/nima/Desktop/taint-docker/table4/annotator/pybbs/src/main/java/co/yiiu/pybbs/interceptor/CommonInterceptor.java
84	co.yiiu.pybbs.interceptor.CommonInterceptor	afterCompletion(javax.servlet.http.HttpServletRequest,javax.servlet.http.HttpServletResponse,java.lang.Object,java.lang.Exception)	85	[false, false, false, false]	java.lang.Override	public	false	/home/nima/Desktop/taint-docker/table4/annotator/pybbs/src/main/java/co/yiiu/pybbs/interceptor/CommonInterceptor.java
86	co.yiiu.pybbs.interceptor.UserInterceptor	preHandle(javax.servlet.http.HttpServletRequest,javax.servlet.http.HttpServletResponse,java.lang.Object)	81	[false, false, false]	java.lang.Override	public	false	/home/nima/Desktop/taint-docker/table4/annotator/pybbs/src/main/java/co/yiiu/pybbs/interceptor/UserInterceptor.java
87	co.yiiu.pybbs.util.CookieUtil	setCookie(java.lang.String,java.lang.String)	0	[false, false]		public	false	/home/nima/Desktop/taint-docker/table4/annotator/pybbs/src/main/java/co/yiiu/pybbs/util/CookieUtil.java
88	co.yiiu.pybbs.util.CookieUtil	getCookie(java.lang.String)	0	[false]		public	true	/home/nima/Desktop/taint-docker/table4/annotator/pybbs/src/main/java/co/yiiu/pybbs/util/CookieUtil.java
89	co.yiiu.pybbs.util.CookieUtil	clearCookie(java.lang.String)	0	[false]		public	false	/home/nima/Desktop/taint-docker/table4/annotator/pybbs/src/main/java/co/yiiu/pybbs/util/CookieUtil.java
90	co.yiiu.pybbs.service.ISystemConfigService	selectAllConfig()	0	[]		public	true	/home/nima/Desktop/taint-docker/table4/annotator/pybbs/src/main/java/co/yiiu/pybbs/service/ISystemConfigService.java
91	co.yiiu.pybbs.service.ISystemConfigService	selectByKey(java.lang.String)	0	[false]		public	true	/home/nima/Desktop/taint-docker/table4/annotator/pybbs/src/main/java/co/yiiu/pybbs/service/ISystemConfigService.java
92	co.yiiu.pybbs.service.ISystemConfigService	selectAll()	0	[]		public	true	/home/nima/Desktop/taint-docker/table4/annotator/pybbs/src/main/java/co/yiiu/pybbs/service/ISystemConfigService.java
93	co.yiiu.pybbs.service.ISystemConfigService	update(java.util.List)	0	[false]		public	false	/home/nima/Desktop/taint-docker/table4/annotator/pybbs/src/main/java/co/yiiu/pybbs/service/ISystemConfigService.java
94	co.yiiu.pybbs.service.ISystemConfigService	updateByKey(java.lang.String,co.yiiu.pybbs.model.SystemConfig)	0	[false, false]		public	false	/home/nima/Desktop/taint-docker/table4/annotator/pybbs/src/main/java/co/yiiu/pybbs/service/ISystemConfigService.java
95	co.yiiu.pybbs.service.ISystemConfigService	selectAllConfigWithoutPassword()	0	[]		public	true	/home/nima/Desktop/taint-docker/table4/annotator/pybbs/src/main/java/co/yiiu/pybbs/service/ISystemConfigService.java
96	co.yiiu.pybbs.service.impl.UserService	selectByUsername(java.lang.String)	97	[false]	java.lang.Override	public	true	/home/nima/Desktop/taint-docker/table4/annotator/pybbs/src/main/java/co/yiiu/pybbs/service/impl/UserService.java
98	co.yiiu.pybbs.service.impl.UserService	generateToken()	0	[]		private	true	/home/nima/Desktop/taint-docker/table4/annotator/pybbs/src/main/java/co/yiiu/pybbs/service/impl/UserService.java
99	co.yiiu.pybbs.service.impl.UserService	addUser(java.lang.String,java.lang.String,java.lang.String,java.lang.String,java.lang.String,java.lang.String,boolean)	100	[false, false, false, false, false, false, false]	java.lang.Override	public	true	/home/nima/Desktop/taint-docker/table4/annotator/pybbs/src/main/java/co/yiiu/pybbs/service/impl/UserService.java
101	co.yiiu.pybbs.service.impl.UserService	generateUsername()	0	[]		private	true	/home/nima/Desktop/taint-docker/table4/annotator/pybbs/src/main/java/co/yiiu/pybbs/service/impl/UserService.java
102	co.yiiu.pybbs.service.impl.UserService	addUserWithMobile(java.lang.String)	103	[false]	java.lang.Override	public	true	/home/nima/Desktop/taint-docker/table4/annotator/pybbs/src/main/java/co/yiiu/pybbs/service/impl/UserService.java
104	co.yiiu.pybbs.service.impl.UserService	selectByToken(java.lang.String)	105	[false]	java.lang.Override	public	true	/home/nima/Desktop/taint-docker/table4/annotator/pybbs/src/main/java/co/yiiu/pybbs/service/impl/UserService.java
106	co.yiiu.pybbs.service.impl.UserService	selectByMobile(java.lang.String)	107	[false]	java.lang.Override	public	true	/home/nima/Desktop/taint-docker/table4/annotator/pybbs/src/main/java/co/yiiu/pybbs/service/impl/UserService.java
108	co.yiiu.pybbs.service.impl.UserService	selectByEmail(java.lang.String)	109	[false]	java.lang.Override	public	true	/home/nima/Desktop/taint-docker/table4/annotator/pybbs/src/main/java/co/yiiu/pybbs/service/impl/UserService.java
110	co.yiiu.pybbs.service.impl.UserService	selectById(java.lang.Integer)	111	[false]	java.lang.Override	public	true	/home/nima/Desktop/taint-docker/table4/annotator/pybbs/src/main/java/co/yiiu/pybbs/service/impl/UserService.java
112	co.yiiu.pybbs.service.impl.UserService	selectByIdWithoutCache(java.lang.Integer)	113	[false]	java.lang.Override	public	true	/home/nima/Desktop/taint-docker/table4/annotator/pybbs/src/main/java/co/yiiu/pybbs/service/impl/UserService.java
114	co.yiiu.pybbs.service.impl.UserService	selectTop(java.lang.Integer)	115	[false]	java.lang.Override	public	true	/home/nima/Desktop/taint-docker/table4/annotator/pybbs/src/main/java/co/yiiu/pybbs/service/impl/UserService.java
116	co.yiiu.pybbs.service.impl.UserService	update(co.yiiu.pybbs.model.User)	117	[false]	java.lang.Override	public	false	/home/nima/Desktop/taint-docker/table4/annotator/pybbs/src/main/java/co/yiiu/pybbs/service/impl/UserService.java
118	co.yiiu.pybbs.service.impl.UserService	selectAll(java.lang.Integer,java.lang.String)	119	[false, false]	java.lang.Override	public	true	/home/nima/Desktop/taint-docker/table4/annotator/pybbs/src/main/java/co/yiiu/pybbs/service/impl/UserService.java
120	co.yiiu.pybbs.service.impl.UserService	selectByIdNoCatch(java.lang.Integer)	121	[false]		public	true	/home/nima/Desktop/taint-docker/table4/annotator/pybbs/src/main/java/co/yiiu/pybbs/service/impl/UserService.java
122	co.yiiu.pybbs.service.impl.UserService	countToday()	123	[]	java.lang.Override	public	false	/home/nima/Desktop/taint-docker/table4/annotator/pybbs/src/main/java/co/yiiu/pybbs/service/impl/UserService.java
124	co.yiiu.pybbs.service.impl.UserService	deleteUser(java.lang.Integer)	125	[false]	java.lang.Override	public	false	/home/nima/Desktop/taint-docker/table4/annotator/pybbs/src/main/java/co/yiiu/pybbs/service/impl/UserService.java
126	co.yiiu.pybbs.service.impl.UserService	delRedisUser(co.yiiu.pybbs.model.User)	127	[false]	java.lang.Override	public	false	/home/nima/Desktop/taint-docker/table4/annotator/pybbs/src/main/java/co/yiiu/pybbs/service/impl/UserService.java
97	co.yiiu.pybbs.service.IUserService	selectByUsername(java.lang.String)	0	[false]		public	true	/home/nima/Desktop/taint-docker/table4/annotator/pybbs/src/main/java/co/yiiu/pybbs/service/IUserService.java
100	co.yiiu.pybbs.service.IUserService	addUser(java.lang.String,java.lang.String,java.lang.String,java.lang.String,java.lang.String,java.lang.String,boolean)	0	[false, false, false, false, false, false, false]		public	true	/home/nima/Desktop/taint-docker/table4/annotator/pybbs/src/main/java/co/yiiu/pybbs/service/IUserService.java
103	co.yiiu.pybbs.service.IUserService	addUserWithMobile(java.lang.String)	0	[false]		public	true	/home/nima/Desktop/taint-docker/table4/annotator/pybbs/src/main/java/co/yiiu/pybbs/service/IUserService.java
105	co.yiiu.pybbs.service.IUserService	selectByToken(java.lang.String)	0	[false]		public	true	/home/nima/Desktop/taint-docker/table4/annotator/pybbs/src/main/java/co/yiiu/pybbs/service/IUserService.java
107	co.yiiu.pybbs.service.IUserService	selectByMobile(java.lang.String)	0	[false]		public	true	/home/nima/Desktop/taint-docker/table4/annotator/pybbs/src/main/java/co/yiiu/pybbs/service/IUserService.java
109	co.yiiu.pybbs.service.IUserService	selectByEmail(java.lang.String)	0	[false]		public	true	/home/nima/Desktop/taint-docker/table4/annotator/pybbs/src/main/java/co/yiiu/pybbs/service/IUserService.java
111	co.yiiu.pybbs.service.IUserService	selectById(java.lang.Integer)	0	[false]		public	true	/home/nima/Desktop/taint-docker/table4/annotator/pybbs/src/main/java/co/yiiu/pybbs/service/IUserService.java
113	co.yiiu.pybbs.service.IUserService	selectByIdWithoutCache(java.lang.Integer)	0	[false]		public	true	/home/nima/Desktop/taint-docker/table4/annotator/pybbs/src/main/java/co/yiiu/pybbs/service/IUserService.java
115	co.yiiu.pybbs.service.IUserService	selectTop(java.lang.Integer)	0	[false]		public	true	/home/nima/Desktop/taint-docker/table4/annotator/pybbs/src/main/java/co/yiiu/pybbs/service/IUserService.java
117	co.yiiu.pybbs.service.IUserService	update(co.yiiu.pybbs.model.User)	0	[false]		public	false	/home/nima/Desktop/taint-docker/table4/annotator/pybbs/src/main/java/co/yiiu/pybbs/service/IUserService.java
119	co.yiiu.pybbs.service.IUserService	selectAll(java.lang.Integer,java.lang.String)	0	[false, false]		public	true	/home/nima/Desktop/taint-docker/table4/annotator/pybbs/src/main/java/co/yiiu/pybbs/service/IUserService.java
121	co.yiiu.pybbs.service.IUserService	selectByIdNoCatch(java.lang.Integer)	0	[false]		public	true	/home/nima/Desktop/taint-docker/table4/annotator/pybbs/src/main/java/co/yiiu/pybbs/service/IUserService.java
123	co.yiiu.pybbs.service.IUserService	countToday()	0	[]		public	false	/home/nima/Desktop/taint-docker/table4/annotator/pybbs/src/main/java/co/yiiu/pybbs/service/IUserService.java
125	co.yiiu.pybbs.service.IUserService	deleteUser(java.lang.Integer)	0	[false]		public	false	/home/nima/Desktop/taint-docker/table4/annotator/pybbs/src/main/java/co/yiiu/pybbs/service/IUserService.java
127	co.yiiu.pybbs.service.IUserService	delRedisUser(co.yiiu.pybbs.model.User)	0	[false]		public	false	/home/nima/Desktop/taint-docker/table4/annotator/pybbs/src/main/java/co/yiiu/pybbs/service/IUserService.java
128	co.yiiu.pybbs.mapper.UserMapper	countToday()	0	[]		public	false	/home/nima/Desktop/taint-docker/table4/annotator/pybbs/src/main/java/co/yiiu/pybbs/mapper/UserMapper.java
129	co.yiiu.pybbs.model.User	getEmailNotification()	0	[]		public	true	/home/nima/Desktop/taint-docker/table4/annotator/pybbs/src/main/java/co/yiiu/pybbs/model/User.java
130	co.yiiu.pybbs.model.User	setEmailNotification(java.lang.Boolean)	0	[false]		public	false	/home/nima/Desktop/taint-docker/table4/annotator/pybbs/src/main/java/co/yiiu/pybbs/model/User.java
131	co.yiiu.pybbs.model.User	getTelegramName()	0	[]		public	true	/home/nima/Desktop/taint-docker/table4/annotator/pybbs/src/main/java/co/yiiu/pybbs/model/User.java
132	co.yiiu.pybbs.model.User	setTelegramName(java.lang.String)	0	[false]		public	false	/home/nima/Desktop/taint-docker/table4/annotator/pybbs/src/main/java/co/yiiu/pybbs/model/User.java
133	co.yiiu.pybbs.model.User	getToken()	0	[]		public	true	/home/nima/Desktop/taint-docker/table4/annotator/pybbs/src/main/java/co/yiiu/pybbs/model/User.java
134	co.yiiu.pybbs.model.User	setToken(java.lang.String)	0	[false]		public	false	/home/nima/Desktop/taint-docker/table4/annotator/pybbs/src/main/java/co/yiiu/pybbs/model/User.java
135	co.yiiu.pybbs.model.User	getAvatar()	0	[]		public	true	/home/nima/Desktop/taint-docker/table4/annotator/pybbs/src/main/java/co/yiiu/pybbs/model/User.java
136	co.yiiu.pybbs.model.User	setAvatar(java.lang.String)	0	[false]		public	false	/home/nima/Desktop/taint-docker/table4/annotator/pybbs/src/main/java/co/yiiu/pybbs/model/User.java
137	co.yiiu.pybbs.model.User	getWebsite()	0	[]		public	true	/home/nima/Desktop/taint-docker/table4/annotator/pybbs/src/main/java/co/yiiu/pybbs/model/User.java
138	co.yiiu.pybbs.model.User	setWebsite(java.lang.String)	0	[false]		public	false	/home/nima/Desktop/taint-docker/table4/annotator/pybbs/src/main/java/co/yiiu/pybbs/model/User.java
139	co.yiiu.pybbs.model.User	getBio()	0	[]		public	true	/home/nima/Desktop/taint-docker/table4/annotator/pybbs/src/main/java/co/yiiu/pybbs/model/User.java
140	co.yiiu.pybbs.model.User	setBio(java.lang.String)	0	[false]		public	false	/home/nima/Desktop/taint-docker/table4/annotator/pybbs/src/main/java/co/yiiu/pybbs/model/User.java
141	co.yiiu.pybbs.model.User	getId()	0	[]		public	true	/home/nima/Desktop/taint-docker/table4/annotator/pybbs/src/main/java/co/yiiu/pybbs/model/User.java
142	co.yiiu.pybbs.model.User	setId(java.lang.Integer)	0	[false]		public	false	/home/nima/Desktop/taint-docker/table4/annotator/pybbs/src/main/java/co/yiiu/pybbs/model/User.java
143	co.yiiu.pybbs.model.User	getUsername()	0	[]		public	true	/home/nima/Desktop/taint-docker/table4/annotator/pybbs/src/main/java/co/yiiu/pybbs/model/User.java
144	co.yiiu.pybbs.model.User	setUsername(java.lang.String)	0	[false]		public	false	/home/nima/Desktop/taint-docker/table4/annotator/pybbs/src/main/java/co/yiiu/pybbs/model/User.java
145	co.yiiu.pybbs.model.User	getPassword()	0	[]		public	true	/home/nima/Desktop/taint-docker/table4/annotator/pybbs/src/main/java/co/yiiu/pybbs/model/User.java
146	co.yiiu.pybbs.model.User	setPassword(java.lang.String)	0	[false]		public	false	/home/nima/Desktop/taint-docker/table4/annotator/pybbs/src/main/java/co/yiiu/pybbs/model/User.java
147	co.yiiu.pybbs.model.User	getEmail()	0	[]		public	true	/home/nima/Desktop/taint-docker/table4/annotator/pybbs/src/main/java/co/yiiu/pybbs/model/User.java
148	co.yiiu.pybbs.model.User	setEmail(java.lang.String)	0	[false]		public	false	/home/nima/Desktop/taint-docker/table4/annotator/pybbs/src/main/java/co/yiiu/pybbs/model/User.java
149	co.yiiu.pybbs.model.User	getScore()	0	[]		public	true	/home/nima/Desktop/taint-docker/table4/annotator/pybbs/src/main/java/co/yiiu/pybbs/model/User.java
150	co.yiiu.pybbs.model.User	setScore(java.lang.Integer)	0	[false]		public	false	/home/nima/Desktop/taint-docker/table4/annotator/pybbs/src/main/java/co/yiiu/pybbs/model/User.java
151	co.yiiu.pybbs.model.User	getInTime()	0	[]		public	true	/home/nima/Desktop/taint-docker/table4/annotator/pybbs/src/main/java/co/yiiu/pybbs/model/User.java
152	co.yiiu.pybbs.model.User	setInTime(java.util.Date)	0	[false]		public	false	/home/nima/Desktop/taint-docker/table4/annotator/pybbs/src/main/java/co/yiiu/pybbs/model/User.java
153	co.yiiu.pybbs.model.User	getActive()	0	[]		public	true	/home/nima/Desktop/taint-docker/table4/annotator/pybbs/src/main/java/co/yiiu/pybbs/model/User.java
154	co.yiiu.pybbs.model.User	setActive(java.lang.Boolean)	0	[false]		public	false	/home/nima/Desktop/taint-docker/table4/annotator/pybbs/src/main/java/co/yiiu/pybbs/model/User.java
155	co.yiiu.pybbs.model.User	getMobile()	0	[]		public	true	/home/nima/Desktop/taint-docker/table4/annotator/pybbs/src/main/java/co/yiiu/pybbs/model/User.java
156	co.yiiu.pybbs.model.User	setMobile(java.lang.String)	0	[false]		public	false	/home/nima/Desktop/taint-docker/table4/annotator/pybbs/src/main/java/co/yiiu/pybbs/model/User.java
157	co.yiiu.pybbs.model.User	toString()	158	[]	java.lang.Override	public	true	/home/nima/Desktop/taint-docker/table4/annotator/pybbs/src/main/java/co/yiiu/pybbs/model/User.java
159	co.yiiu.pybbs.service.ICollectService	selectByTopicId(java.lang.Integer)	0	[false]		public	true	/home/nima/Desktop/taint-docker/table4/annotator/pybbs/src/main/java/co/yiiu/pybbs/service/ICollectService.java
160	co.yiiu.pybbs.service.ICollectService	selectByTopicIdAndUserId(java.lang.Integer,java.lang.Integer)	0	[false, false]		public	true	/home/nima/Desktop/taint-docker/table4/annotator/pybbs/src/main/java/co/yiiu/pybbs/service/ICollectService.java
161	co.yiiu.pybbs.service.ICollectService	insert(java.lang.Integer,co.yiiu.pybbs.model.User)	0	[false, false]		public	true	/home/nima/Desktop/taint-docker/table4/annotator/pybbs/src/main/java/co/yiiu/pybbs/service/ICollectService.java
162	co.yiiu.pybbs.service.ICollectService	delete(java.lang.Integer,java.lang.Integer)	0	[false, false]		public	false	/home/nima/Desktop/taint-docker/table4/annotator/pybbs/src/main/java/co/yiiu/pybbs/service/ICollectService.java
163	co.yiiu.pybbs.service.ICollectService	deleteByTopicId(java.lang.Integer)	0	[false]		public	false	/home/nima/Desktop/taint-docker/table4/annotator/pybbs/src/main/java/co/yiiu/pybbs/service/ICollectService.java
164	co.yiiu.pybbs.service.ICollectService	deleteByUserId(java.lang.Integer)	0	[false]		public	false	/home/nima/Desktop/taint-docker/table4/annotator/pybbs/src/main/java/co/yiiu/pybbs/service/ICollectService.java
165	co.yiiu.pybbs.service.ICollectService	countByUserId(java.lang.Integer)	0	[false]		public	false	/home/nima/Desktop/taint-docker/table4/annotator/pybbs/src/main/java/co/yiiu/pybbs/service/ICollectService.java
166	co.yiiu.pybbs.service.ICollectService	selectByUserId(java.lang.Integer,java.lang.Integer,java.lang.Integer)	0	[false, false, false]		public	true	/home/nima/Desktop/taint-docker/table4/annotator/pybbs/src/main/java/co/yiiu/pybbs/service/ICollectService.java
167	co.yiiu.pybbs.service.ITopicService	search(java.lang.Integer,java.lang.Integer,java.lang.String)	0	[false, false, false]		public	true	/home/nima/Desktop/taint-docker/table4/annotator/pybbs/src/main/java/co/yiiu/pybbs/service/ITopicService.java
168	co.yiiu.pybbs.service.ITopicService	selectAll(java.lang.Integer,java.lang.String)	0	[false, false]		public	true	/home/nima/Desktop/taint-docker/table4/annotator/pybbs/src/main/java/co/yiiu/pybbs/service/ITopicService.java
169	co.yiiu.pybbs.service.ITopicService	selectAuthorOtherTopic(java.lang.Integer,java.lang.Integer,java.lang.Integer)	0	[false, false, false]		public	true	/home/nima/Desktop/taint-docker/table4/annotator/pybbs/src/main/java/co/yiiu/pybbs/service/ITopicService.java
170	co.yiiu.pybbs.service.ITopicService	selectByUserId(java.lang.Integer,java.lang.Integer,java.lang.Integer)	0	[false, false, false]		public	true	/home/nima/Desktop/taint-docker/table4/annotator/pybbs/src/main/java/co/yiiu/pybbs/service/ITopicService.java
171	co.yiiu.pybbs.service.ITopicService	insert(java.lang.String,java.lang.String,java.lang.String,co.yiiu.pybbs.model.User)	0	[false, false, false, false]		public	true	/home/nima/Desktop/taint-docker/table4/annotator/pybbs/src/main/java/co/yiiu/pybbs/service/ITopicService.java
172	co.yiiu.pybbs.service.ITopicService	selectById(java.lang.Integer)	0	[false]		public	true	/home/nima/Desktop/taint-docker/table4/annotator/pybbs/src/main/java/co/yiiu/pybbs/service/ITopicService.java
173	co.yiiu.pybbs.service.ITopicService	selectByTitle(java.lang.String)	0	[false]		public	true	/home/nima/Desktop/taint-docker/table4/annotator/pybbs/src/main/java/co/yiiu/pybbs/service/ITopicService.java
174	co.yiiu.pybbs.service.ITopicService	updateViewCount(co.yiiu.pybbs.model.Topic,java.lang.String)	0	[false, false]		public	true	/home/nima/Desktop/taint-docker/table4/annotator/pybbs/src/main/java/co/yiiu/pybbs/service/ITopicService.java
175	co.yiiu.pybbs.service.ITopicService	update(co.yiiu.pybbs.model.Topic,java.lang.String)	0	[false, false]		public	false	/home/nima/Desktop/taint-docker/table4/annotator/pybbs/src/main/java/co/yiiu/pybbs/service/ITopicService.java
176	co.yiiu.pybbs.service.ITopicService	delete(co.yiiu.pybbs.model.Topic)	0	[false]		public	false	/home/nima/Desktop/taint-docker/table4/annotator/pybbs/src/main/java/co/yiiu/pybbs/service/ITopicService.java
177	co.yiiu.pybbs.service.ITopicService	deleteByUserId(java.lang.Integer)	0	[false]		public	false	/home/nima/Desktop/taint-docker/table4/annotator/pybbs/src/main/java/co/yiiu/pybbs/service/ITopicService.java
178	co.yiiu.pybbs.service.ITopicService	selectAllForAdmin(java.lang.Integer,java.lang.String,java.lang.String,java.lang.String)	0	[false, false, false, false]		public	true	/home/nima/Desktop/taint-docker/table4/annotator/pybbs/src/main/java/co/yiiu/pybbs/service/ITopicService.java
179	co.yiiu.pybbs.service.ITopicService	countToday()	0	[]		public	false	/home/nima/Desktop/taint-docker/table4/annotator/pybbs/src/main/java/co/yiiu/pybbs/service/ITopicService.java
180	co.yiiu.pybbs.service.ITopicService	vote(co.yiiu.pybbs.model.Topic,co.yiiu.pybbs.model.User)	0	[false, false]		public	false	/home/nima/Desktop/taint-docker/table4/annotator/pybbs/src/main/java/co/yiiu/pybbs/service/ITopicService.java
181	co.yiiu.pybbs.service.ICommentService	selectByTopicId(java.lang.Integer)	0	[false]		public	true	/home/nima/Desktop/taint-docker/table4/annotator/pybbs/src/main/java/co/yiiu/pybbs/service/ICommentService.java
182	co.yiiu.pybbs.service.ICommentService	deleteByTopicId(java.lang.Integer)	0	[false]		public	false	/home/nima/Desktop/taint-docker/table4/annotator/pybbs/src/main/java/co/yiiu/pybbs/service/ICommentService.java
183	co.yiiu.pybbs.service.ICommentService	deleteByUserId(java.lang.Integer)	0	[false]		public	false	/home/nima/Desktop/taint-docker/table4/annotator/pybbs/src/main/java/co/yiiu/pybbs/service/ICommentService.java
184	co.yiiu.pybbs.service.ICommentService	insert(co.yiiu.pybbs.model.Comment,co.yiiu.pybbs.model.Topic,co.yiiu.pybbs.model.User)	0	[false, false, false]		public	true	/home/nima/Desktop/taint-docker/table4/annotator/pybbs/src/main/java/co/yiiu/pybbs/service/ICommentService.java
185	co.yiiu.pybbs.service.ICommentService	selectById(java.lang.Integer)	0	[false]		public	true	/home/nima/Desktop/taint-docker/table4/annotator/pybbs/src/main/java/co/yiiu/pybbs/service/ICommentService.java
186	co.yiiu.pybbs.service.ICommentService	selectByTgMessageId(java.lang.Integer)	0	[false]		public	true	/home/nima/Desktop/taint-docker/table4/annotator/pybbs/src/main/java/co/yiiu/pybbs/service/ICommentService.java
187	co.yiiu.pybbs.service.ICommentService	update(co.yiiu.pybbs.model.Comment)	0	[false]		public	false	/home/nima/Desktop/taint-docker/table4/annotator/pybbs/src/main/java/co/yiiu/pybbs/service/ICommentService.java
188	co.yiiu.pybbs.service.ICommentService	vote(co.yiiu.pybbs.model.Comment,co.yiiu.pybbs.model.User)	0	[false, false]		public	false	/home/nima/Desktop/taint-docker/table4/annotator/pybbs/src/main/java/co/yiiu/pybbs/service/ICommentService.java
189	co.yiiu.pybbs.service.ICommentService	delete(co.yiiu.pybbs.model.Comment)	0	[false]		public	false	/home/nima/Desktop/taint-docker/table4/annotator/pybbs/src/main/java/co/yiiu/pybbs/service/ICommentService.java
190	co.yiiu.pybbs.service.ICommentService	selectByUserId(java.lang.Integer,java.lang.Integer,java.lang.Integer)	0	[false, false, false]		public	true	/home/nima/Desktop/taint-docker/table4/annotator/pybbs/src/main/java/co/yiiu/pybbs/service/ICommentService.java
191	co.yiiu.pybbs.service.ICommentService	selectAllForAdmin(java.lang.Integer,java.lang.String,java.lang.String,java.lang.String)	0	[false, false, false, false]		public	true	/home/nima/Desktop/taint-docker/table4/annotator/pybbs/src/main/java/co/yiiu/pybbs/service/ICommentService.java
192	co.yiiu.pybbs.service.ICommentService	countToday()	0	[]		public	false	/home/nima/Desktop/taint-docker/table4/annotator/pybbs/src/main/java/co/yiiu/pybbs/service/ICommentService.java
193	co.yiiu.pybbs.util.identicon.Identicon	Identicon()	0	[]		public	false	/home/nima/Desktop/taint-docker/table4/annotator/pybbs/src/main/java/co/yiiu/pybbs/util/identicon/Identicon.java
194	co.yiiu.pybbs.util.identicon.Identicon	create(java.lang.String,int)	0	[false, false]		public	true	/home/nima/Desktop/taint-docker/table4/annotator/pybbs/src/main/java/co/yiiu/pybbs/util/identicon/Identicon.java
195	co.yiiu.pybbs.util.identicon.Identicon	imgToBase64String(java.awt.image.RenderedImage,java.lang.String)	0	[false, false]		public	true	/home/nima/Desktop/taint-docker/table4/annotator/pybbs/src/main/java/co/yiiu/pybbs/util/identicon/Identicon.java
196	co.yiiu.pybbs.util.identicon.Identicon	generator()	0	[]		public	true	/home/nima/Desktop/taint-docker/table4/annotator/pybbs/src/main/java/co/yiiu/pybbs/util/identicon/Identicon.java
197	co.yiiu.pybbs.util.identicon.Identicon	generator(java.lang.String)	0	[false]		public	true	/home/nima/Desktop/taint-docker/table4/annotator/pybbs/src/main/java/co/yiiu/pybbs/util/identicon/Identicon.java
198	co.yiiu.pybbs.util.identicon.Identicon	saveFile(java.lang.String,java.awt.image.BufferedImage)	0	[false, false]		public	true	/home/nima/Desktop/taint-docker/table4/annotator/pybbs/src/main/java/co/yiiu/pybbs/util/identicon/Identicon.java
199	co.yiiu.pybbs.service.INotificationService	selectByUserId(java.lang.Integer,java.lang.Boolean,java.lang.Integer)	0	[false, false, false]		public	true	/home/nima/Desktop/taint-docker/table4/annotator/pybbs/src/main/java/co/yiiu/pybbs/service/INotificationService.java
200	co.yiiu.pybbs.service.INotificationService	markRead(java.lang.Integer)	0	[false]		public	false	/home/nima/Desktop/taint-docker/table4/annotator/pybbs/src/main/java/co/yiiu/pybbs/service/INotificationService.java
201	co.yiiu.pybbs.service.INotificationService	countNotRead(java.lang.Integer)	0	[false]		public	false	/home/nima/Desktop/taint-docker/table4/annotator/pybbs/src/main/java/co/yiiu/pybbs/service/INotificationService.java
202	co.yiiu.pybbs.service.INotificationService	deleteByTopicId(java.lang.Integer)	0	[false]		public	false	/home/nima/Desktop/taint-docker/table4/annotator/pybbs/src/main/java/co/yiiu/pybbs/service/INotificationService.java
203	co.yiiu.pybbs.service.INotificationService	deleteByUserId(java.lang.Integer)	0	[false]		public	false	/home/nima/Desktop/taint-docker/table4/annotator/pybbs/src/main/java/co/yiiu/pybbs/service/INotificationService.java
204	co.yiiu.pybbs.service.INotificationService	insert(java.lang.Integer,java.lang.Integer,java.lang.Integer,java.lang.String,java.lang.String)	0	[false, false, false, false, false]		public	false	/home/nima/Desktop/taint-docker/table4/annotator/pybbs/src/main/java/co/yiiu/pybbs/service/INotificationService.java
205	co.yiiu.pybbs.service.ICodeService	selectByCode(java.lang.String)	0	[false]		public	true	/home/nima/Desktop/taint-docker/table4/annotator/pybbs/src/main/java/co/yiiu/pybbs/service/ICodeService.java
206	co.yiiu.pybbs.service.ICodeService	selectNotUsedCode(java.lang.Integer,java.lang.String,java.lang.String)	0	[false, false, false]		public	true	/home/nima/Desktop/taint-docker/table4/annotator/pybbs/src/main/java/co/yiiu/pybbs/service/ICodeService.java
207	co.yiiu.pybbs.service.ICodeService	createCode(java.lang.Integer,java.lang.String,java.lang.String)	0	[false, false, false]		public	true	/home/nima/Desktop/taint-docker/table4/annotator/pybbs/src/main/java/co/yiiu/pybbs/service/ICodeService.java
208	co.yiiu.pybbs.service.ICodeService	validateCode(java.lang.Integer,java.lang.String,java.lang.String,java.lang.String)	0	[false, false, false, false]		public	true	/home/nima/Desktop/taint-docker/table4/annotator/pybbs/src/main/java/co/yiiu/pybbs/service/ICodeService.java
209	co.yiiu.pybbs.service.ICodeService	sendEmail(java.lang.Integer,java.lang.String,java.lang.String,java.lang.String)	0	[false, false, false, false]		public	false	/home/nima/Desktop/taint-docker/table4/annotator/pybbs/src/main/java/co/yiiu/pybbs/service/ICodeService.java
210	co.yiiu.pybbs.service.ICodeService	sendSms(java.lang.String)	0	[false]		public	false	/home/nima/Desktop/taint-docker/table4/annotator/pybbs/src/main/java/co/yiiu/pybbs/service/ICodeService.java
211	co.yiiu.pybbs.service.ICodeService	update(co.yiiu.pybbs.model.Code)	0	[false]		public	false	/home/nima/Desktop/taint-docker/table4/annotator/pybbs/src/main/java/co/yiiu/pybbs/service/ICodeService.java
212	co.yiiu.pybbs.service.ICodeService	deleteByUserId(java.lang.Integer)	0	[false]		public	false	/home/nima/Desktop/taint-docker/table4/annotator/pybbs/src/main/java/co/yiiu/pybbs/service/ICodeService.java
213	co.yiiu.pybbs.model.Code	getUserId()	0	[]		public	true	/home/nima/Desktop/taint-docker/table4/annotator/pybbs/src/main/java/co/yiiu/pybbs/model/Code.java
214	co.yiiu.pybbs.model.Code	setUserId(java.lang.Integer)	0	[false]		public	false	/home/nima/Desktop/taint-docker/table4/annotator/pybbs/src/main/java/co/yiiu/pybbs/model/Code.java
215	co.yiiu.pybbs.model.Code	getId()	0	[]		public	true	/home/nima/Desktop/taint-docker/table4/annotator/pybbs/src/main/java/co/yiiu/pybbs/model/Code.java
216	co.yiiu.pybbs.model.Code	setId(java.lang.Integer)	0	[false]		public	false	/home/nima/Desktop/taint-docker/table4/annotator/pybbs/src/main/java/co/yiiu/pybbs/model/Code.java
217	co.yiiu.pybbs.model.Code	getCode()	0	[]		public	true	/home/nima/Desktop/taint-docker/table4/annotator/pybbs/src/main/java/co/yiiu/pybbs/model/Code.java
218	co.yiiu.pybbs.model.Code	setCode(java.lang.String)	0	[false]		public	false	/home/nima/Desktop/taint-docker/table4/annotator/pybbs/src/main/java/co/yiiu/pybbs/model/Code.java
219	co.yiiu.pybbs.model.Code	getInTime()	0	[]		public	true	/home/nima/Desktop/taint-docker/table4/annotator/pybbs/src/main/java/co/yiiu/pybbs/model/Code.java
220	co.yiiu.pybbs.model.Code	setInTime(java.util.Date)	0	[false]		public	false	/home/nima/Desktop/taint-docker/table4/annotator/pybbs/src/main/java/co/yiiu/pybbs/model/Code.java
221	co.yiiu.pybbs.model.Code	getExpireTime()	0	[]		public	true	/home/nima/Desktop/taint-docker/table4/annotator/pybbs/src/main/java/co/yiiu/pybbs/model/Code.java
222	co.yiiu.pybbs.model.Code	setExpireTime(java.util.Date)	0	[false]		public	false	/home/nima/Desktop/taint-docker/table4/annotator/pybbs/src/main/java/co/yiiu/pybbs/model/Code.java
223	co.yiiu.pybbs.model.Code	getEmail()	0	[]		public	true	/home/nima/Desktop/taint-docker/table4/annotator/pybbs/src/main/java/co/yiiu/pybbs/model/Code.java
224	co.yiiu.pybbs.model.Code	setEmail(java.lang.String)	0	[false]		public	false	/home/nima/Desktop/taint-docker/table4/annotator/pybbs/src/main/java/co/yiiu/pybbs/model/Code.java
225	co.yiiu.pybbs.model.Code	getMobile()	0	[]		public	true	/home/nima/Desktop/taint-docker/table4/annotator/pybbs/src/main/java/co/yiiu/pybbs/model/Code.java
226	co.yiiu.pybbs.model.Code	setMobile(java.lang.String)	0	[false]		public	false	/home/nima/Desktop/taint-docker/table4/annotator/pybbs/src/main/java/co/yiiu/pybbs/model/Code.java
227	co.yiiu.pybbs.model.Code	getUsed()	0	[]		public	true	/home/nima/Desktop/taint-docker/table4/annotator/pybbs/src/main/java/co/yiiu/pybbs/model/Code.java
228	co.yiiu.pybbs.model.Code	setUsed(java.lang.Boolean)	0	[false]		public	false	/home/nima/Desktop/taint-docker/table4/annotator/pybbs/src/main/java/co/yiiu/pybbs/model/Code.java
229	co.yiiu.pybbs.util.identicon.generator.IBaseGenerator	getBooleanValueArray(java.lang.String)	0	[false]		public	true	/home/nima/Desktop/taint-docker/table4/annotator/pybbs/src/main/java/co/yiiu/pybbs/util/identicon/generator/IBaseGenerator.java
230	co.yiiu.pybbs.util.identicon.generator.IBaseGenerator	getBackgroundColor()	0	[]		public	true	/home/nima/Desktop/taint-docker/table4/annotator/pybbs/src/main/java/co/yiiu/pybbs/util/identicon/generator/IBaseGenerator.java
231	co.yiiu.pybbs.util.identicon.generator.IBaseGenerator	getForegroundColor()	0	[]		public	true	/home/nima/Desktop/taint-docker/table4/annotator/pybbs/src/main/java/co/yiiu/pybbs/util/identicon/generator/IBaseGenerator.java
232	co.yiiu.pybbs.model.vo.CommentsByTopic	getUsername()	0	[]		public	true	/home/nima/Desktop/taint-docker/table4/annotator/pybbs/src/main/java/co/yiiu/pybbs/model/vo/CommentsByTopic.java
233	co.yiiu.pybbs.model.vo.CommentsByTopic	setUsername(java.lang.String)	0	[false]		public	false	/home/nima/Desktop/taint-docker/table4/annotator/pybbs/src/main/java/co/yiiu/pybbs/model/vo/CommentsByTopic.java
234	co.yiiu.pybbs.model.vo.CommentsByTopic	getAvatar()	0	[]		public	true	/home/nima/Desktop/taint-docker/table4/annotator/pybbs/src/main/java/co/yiiu/pybbs/model/vo/CommentsByTopic.java
235	co.yiiu.pybbs.model.vo.CommentsByTopic	setAvatar(java.lang.String)	0	[false]		public	false	/home/nima/Desktop/taint-docker/table4/annotator/pybbs/src/main/java/co/yiiu/pybbs/model/vo/CommentsByTopic.java
236	co.yiiu.pybbs.model.vo.CommentsByTopic	getLayer()	0	[]		public	true	/home/nima/Desktop/taint-docker/table4/annotator/pybbs/src/main/java/co/yiiu/pybbs/model/vo/CommentsByTopic.java
237	co.yiiu.pybbs.model.vo.CommentsByTopic	setLayer(java.lang.Integer)	0	[false]		public	false	/home/nima/Desktop/taint-docker/table4/annotator/pybbs/src/main/java/co/yiiu/pybbs/model/vo/CommentsByTopic.java
238	co.yiiu.pybbs.model.vo.CommentsByTopic	getChildren()	0	[]		public	true	/home/nima/Desktop/taint-docker/table4/annotator/pybbs/src/main/java/co/yiiu/pybbs/model/vo/CommentsByTopic.java
239	co.yiiu.pybbs.model.vo.CommentsByTopic	setChildren(java.util.LinkedHashMap)	0	[false]		public	false	/home/nima/Desktop/taint-docker/table4/annotator/pybbs/src/main/java/co/yiiu/pybbs/model/vo/CommentsByTopic.java
240	co.yiiu.pybbs.model.Comment	getStyle()	0	[]		public	true	/home/nima/Desktop/taint-docker/table4/annotator/pybbs/src/main/java/co/yiiu/pybbs/model/Comment.java
241	co.yiiu.pybbs.model.Comment	setStyle(java.lang.String)	0	[false]		public	false	/home/nima/Desktop/taint-docker/table4/annotator/pybbs/src/main/java/co/yiiu/pybbs/model/Comment.java
242	co.yiiu.pybbs.model.Comment	getUpIds()	0	[]		public	true	/home/nima/Desktop/taint-docker/table4/annotator/pybbs/src/main/java/co/yiiu/pybbs/model/Comment.java
243	co.yiiu.pybbs.model.Comment	setUpIds(java.lang.String)	0	[false]		public	false	/home/nima/Desktop/taint-docker/table4/annotator/pybbs/src/main/java/co/yiiu/pybbs/model/Comment.java
244	co.yiiu.pybbs.model.Comment	getId()	0	[]		public	true	/home/nima/Desktop/taint-docker/table4/annotator/pybbs/src/main/java/co/yiiu/pybbs/model/Comment.java
245	co.yiiu.pybbs.model.Comment	setId(java.lang.Integer)	0	[false]		public	false	/home/nima/Desktop/taint-docker/table4/annotator/pybbs/src/main/java/co/yiiu/pybbs/model/Comment.java
246	co.yiiu.pybbs.model.Comment	getTopicId()	0	[]		public	true	/home/nima/Desktop/taint-docker/table4/annotator/pybbs/src/main/java/co/yiiu/pybbs/model/Comment.java
247	co.yiiu.pybbs.model.Comment	setTopicId(java.lang.Integer)	0	[false]		public	false	/home/nima/Desktop/taint-docker/table4/annotator/pybbs/src/main/java/co/yiiu/pybbs/model/Comment.java
248	co.yiiu.pybbs.model.Comment	getUserId()	0	[]		public	true	/home/nima/Desktop/taint-docker/table4/annotator/pybbs/src/main/java/co/yiiu/pybbs/model/Comment.java
249	co.yiiu.pybbs.model.Comment	setUserId(java.lang.Integer)	0	[false]		public	false	/home/nima/Desktop/taint-docker/table4/annotator/pybbs/src/main/java/co/yiiu/pybbs/model/Comment.java
250	co.yiiu.pybbs.model.Comment	getContent()	0	[]		public	true	/home/nima/Desktop/taint-docker/table4/annotator/pybbs/src/main/java/co/yiiu/pybbs/model/Comment.java
251	co.yiiu.pybbs.model.Comment	setContent(java.lang.String)	0	[false]		public	false	/home/nima/Desktop/taint-docker/table4/annotator/pybbs/src/main/java/co/yiiu/pybbs/model/Comment.java
252	co.yiiu.pybbs.model.Comment	getInTime()	0	[]		public	true	/home/nima/Desktop/taint-docker/table4/annotator/pybbs/src/main/java/co/yiiu/pybbs/model/Comment.java
253	co.yiiu.pybbs.model.Comment	setInTime(java.util.Date)	0	[false]		public	false	/home/nima/Desktop/taint-docker/table4/annotator/pybbs/src/main/java/co/yiiu/pybbs/model/Comment.java
254	co.yiiu.pybbs.model.Comment	getCommentId()	0	[]		public	true	/home/nima/Desktop/taint-docker/table4/annotator/pybbs/src/main/java/co/yiiu/pybbs/model/Comment.java
255	co.yiiu.pybbs.model.Comment	setCommentId(java.lang.Integer)	0	[false]		public	false	/home/nima/Desktop/taint-docker/table4/annotator/pybbs/src/main/java/co/yiiu/pybbs/model/Comment.java
256	co.yiiu.pybbs.model.Comment	getTgMessageId()	0	[]		public	true	/home/nima/Desktop/taint-docker/table4/annotator/pybbs/src/main/java/co/yiiu/pybbs/model/Comment.java
257	co.yiiu.pybbs.model.Comment	setTgMessageId(java.lang.Integer)	0	[false]		public	false	/home/nima/Desktop/taint-docker/table4/annotator/pybbs/src/main/java/co/yiiu/pybbs/model/Comment.java
258	co.yiiu.pybbs.model.Comment	getStatus()	0	[]		public	true	/home/nima/Desktop/taint-docker/table4/annotator/pybbs/src/main/java/co/yiiu/pybbs/model/Comment.java
259	co.yiiu.pybbs.model.Comment	setStatus(java.lang.Boolean)	0	[false]		public	false	/home/nima/Desktop/taint-docker/table4/annotator/pybbs/src/main/java/co/yiiu/pybbs/model/Comment.java
260	co.yiiu.pybbs.model.Topic	getStyle()	0	[]		public	true	/home/nima/Desktop/taint-docker/table4/annotator/pybbs/src/main/java/co/yiiu/pybbs/model/Topic.java
261	co.yiiu.pybbs.model.Topic	setStyle(java.lang.String)	0	[false]		public	false	/home/nima/Desktop/taint-docker/table4/annotator/pybbs/src/main/java/co/yiiu/pybbs/model/Topic.java
262	co.yiiu.pybbs.model.Topic	getUpIds()	0	[]		public	true	/home/nima/Desktop/taint-docker/table4/annotator/pybbs/src/main/java/co/yiiu/pybbs/model/Topic.java
263	co.yiiu.pybbs.model.Topic	setUpIds(java.lang.String)	0	[false]		public	false	/home/nima/Desktop/taint-docker/table4/annotator/pybbs/src/main/java/co/yiiu/pybbs/model/Topic.java
264	co.yiiu.pybbs.model.Topic	getCollectCount()	0	[]		public	true	/home/nima/Desktop/taint-docker/table4/annotator/pybbs/src/main/java/co/yiiu/pybbs/model/Topic.java
265	co.yiiu.pybbs.model.Topic	setCollectCount(java.lang.Integer)	0	[false]		public	false	/home/nima/Desktop/taint-docker/table4/annotator/pybbs/src/main/java/co/yiiu/pybbs/model/Topic.java
266	co.yiiu.pybbs.model.Topic	getId()	0	[]		public	true	/home/nima/Desktop/taint-docker/table4/annotator/pybbs/src/main/java/co/yiiu/pybbs/model/Topic.java
267	co.yiiu.pybbs.model.Topic	setId(java.lang.Integer)	0	[false]		public	false	/home/nima/Desktop/taint-docker/table4/annotator/pybbs/src/main/java/co/yiiu/pybbs/model/Topic.java
268	co.yiiu.pybbs.model.Topic	getTitle()	0	[]		public	true	/home/nima/Desktop/taint-docker/table4/annotator/pybbs/src/main/java/co/yiiu/pybbs/model/Topic.java
269	co.yiiu.pybbs.model.Topic	setTitle(java.lang.String)	0	[false]		public	false	/home/nima/Desktop/taint-docker/table4/annotator/pybbs/src/main/java/co/yiiu/pybbs/model/Topic.java
270	co.yiiu.pybbs.model.Topic	getContent()	0	[]		public	true	/home/nima/Desktop/taint-docker/table4/annotator/pybbs/src/main/java/co/yiiu/pybbs/model/Topic.java
271	co.yiiu.pybbs.model.Topic	setContent(java.lang.String)	0	[false]		public	false	/home/nima/Desktop/taint-docker/table4/annotator/pybbs/src/main/java/co/yiiu/pybbs/model/Topic.java
272	co.yiiu.pybbs.model.Topic	getInTime()	0	[]		public	true	/home/nima/Desktop/taint-docker/table4/annotator/pybbs/src/main/java/co/yiiu/pybbs/model/Topic.java
273	co.yiiu.pybbs.model.Topic	setInTime(java.util.Date)	0	[false]		public	false	/home/nima/Desktop/taint-docker/table4/annotator/pybbs/src/main/java/co/yiiu/pybbs/model/Topic.java
274	co.yiiu.pybbs.model.Topic	getModifyTime()	0	[]		public	true	/home/nima/Desktop/taint-docker/table4/annotator/pybbs/src/main/java/co/yiiu/pybbs/model/Topic.java
275	co.yiiu.pybbs.model.Topic	setModifyTime(java.util.Date)	0	[false]		public	false	/home/nima/Desktop/taint-docker/table4/annotator/pybbs/src/main/java/co/yiiu/pybbs/model/Topic.java
276	co.yiiu.pybbs.model.Topic	getUserId()	0	[]		public	true	/home/nima/Desktop/taint-docker/table4/annotator/pybbs/src/main/java/co/yiiu/pybbs/model/Topic.java
277	co.yiiu.pybbs.model.Topic	setUserId(java.lang.Integer)	0	[false]		public	false	/home/nima/Desktop/taint-docker/table4/annotator/pybbs/src/main/java/co/yiiu/pybbs/model/Topic.java
278	co.yiiu.pybbs.model.Topic	getCommentCount()	0	[]		public	true	/home/nima/Desktop/taint-docker/table4/annotator/pybbs/src/main/java/co/yiiu/pybbs/model/Topic.java
279	co.yiiu.pybbs.model.Topic	setCommentCount(java.lang.Integer)	0	[false]		public	false	/home/nima/Desktop/taint-docker/table4/annotator/pybbs/src/main/java/co/yiiu/pybbs/model/Topic.java
280	co.yiiu.pybbs.model.Topic	getView()	0	[]		public	true	/home/nima/Desktop/taint-docker/table4/annotator/pybbs/src/main/java/co/yiiu/pybbs/model/Topic.java
281	co.yiiu.pybbs.model.Topic	setView(java.lang.Integer)	0	[false]		public	false	/home/nima/Desktop/taint-docker/table4/annotator/pybbs/src/main/java/co/yiiu/pybbs/model/Topic.java
282	co.yiiu.pybbs.model.Topic	getTop()	0	[]		public	true	/home/nima/Desktop/taint-docker/table4/annotator/pybbs/src/main/java/co/yiiu/pybbs/model/Topic.java
283	co.yiiu.pybbs.model.Topic	setTop(java.lang.Boolean)	0	[false]		public	false	/home/nima/Desktop/taint-docker/table4/annotator/pybbs/src/main/java/co/yiiu/pybbs/model/Topic.java
284	co.yiiu.pybbs.model.Topic	getGood()	0	[]		public	true	/home/nima/Desktop/taint-docker/table4/annotator/pybbs/src/main/java/co/yiiu/pybbs/model/Topic.java
285	co.yiiu.pybbs.model.Topic	setGood(java.lang.Boolean)	0	[false]		public	false	/home/nima/Desktop/taint-docker/table4/annotator/pybbs/src/main/java/co/yiiu/pybbs/model/Topic.java
286	co.yiiu.pybbs.model.Collect	getTopicId()	0	[]		public	true	/home/nima/Desktop/taint-docker/table4/annotator/pybbs/src/main/java/co/yiiu/pybbs/model/Collect.java
287	co.yiiu.pybbs.model.Collect	setTopicId(java.lang.Integer)	0	[false]		public	false	/home/nima/Desktop/taint-docker/table4/annotator/pybbs/src/main/java/co/yiiu/pybbs/model/Collect.java
288	co.yiiu.pybbs.model.Collect	getUserId()	0	[]		public	true	/home/nima/Desktop/taint-docker/table4/annotator/pybbs/src/main/java/co/yiiu/pybbs/model/Collect.java
289	co.yiiu.pybbs.model.Collect	setUserId(java.lang.Integer)	0	[false]		public	false	/home/nima/Desktop/taint-docker/table4/annotator/pybbs/src/main/java/co/yiiu/pybbs/model/Collect.java
290	co.yiiu.pybbs.model.Collect	getInTime()	0	[]		public	true	/home/nima/Desktop/taint-docker/table4/annotator/pybbs/src/main/java/co/yiiu/pybbs/model/Collect.java
291	co.yiiu.pybbs.model.Collect	setInTime(java.util.Date)	0	[false]		public	false	/home/nima/Desktop/taint-docker/table4/annotator/pybbs/src/main/java/co/yiiu/pybbs/model/Collect.java
292	co.yiiu.pybbs.model.SystemConfig	getId()	0	[]		public	true	/home/nima/Desktop/taint-docker/table4/annotator/pybbs/src/main/java/co/yiiu/pybbs/model/SystemConfig.java
293	co.yiiu.pybbs.model.SystemConfig	setId(java.lang.Integer)	0	[false]		public	false	/home/nima/Desktop/taint-docker/table4/annotator/pybbs/src/main/java/co/yiiu/pybbs/model/SystemConfig.java
294	co.yiiu.pybbs.model.SystemConfig	getPid()	0	[]		public	true	/home/nima/Desktop/taint-docker/table4/annotator/pybbs/src/main/java/co/yiiu/pybbs/model/SystemConfig.java
295	co.yiiu.pybbs.model.SystemConfig	setPid(java.lang.Integer)	0	[false]		public	false	/home/nima/Desktop/taint-docker/table4/annotator/pybbs/src/main/java/co/yiiu/pybbs/model/SystemConfig.java
296	co.yiiu.pybbs.model.SystemConfig	getKey()	0	[]		public	true	/home/nima/Desktop/taint-docker/table4/annotator/pybbs/src/main/java/co/yiiu/pybbs/model/SystemConfig.java
297	co.yiiu.pybbs.model.SystemConfig	setKey(java.lang.String)	0	[false]		public	false	/home/nima/Desktop/taint-docker/table4/annotator/pybbs/src/main/java/co/yiiu/pybbs/model/SystemConfig.java
298	co.yiiu.pybbs.model.SystemConfig	getValue()	0	[]		public	true	/home/nima/Desktop/taint-docker/table4/annotator/pybbs/src/main/java/co/yiiu/pybbs/model/SystemConfig.java
299	co.yiiu.pybbs.model.SystemConfig	setValue(java.lang.String)	0	[false]		public	false	/home/nima/Desktop/taint-docker/table4/annotator/pybbs/src/main/java/co/yiiu/pybbs/model/SystemConfig.java
300	co.yiiu.pybbs.model.SystemConfig	getDescription()	0	[]		public	true	/home/nima/Desktop/taint-docker/table4/annotator/pybbs/src/main/java/co/yiiu/pybbs/model/SystemConfig.java
301	co.yiiu.pybbs.model.SystemConfig	setDescription(java.lang.String)	0	[false]		public	false	/home/nima/Desktop/taint-docker/table4/annotator/pybbs/src/main/java/co/yiiu/pybbs/model/SystemConfig.java
302	co.yiiu.pybbs.model.SystemConfig	getType()	0	[]		public	true	/home/nima/Desktop/taint-docker/table4/annotator/pybbs/src/main/java/co/yiiu/pybbs/model/SystemConfig.java
303	co.yiiu.pybbs.model.SystemConfig	setType(java.lang.String)	0	[false]		public	false	/home/nima/Desktop/taint-docker/table4/annotator/pybbs/src/main/java/co/yiiu/pybbs/model/SystemConfig.java
304	co.yiiu.pybbs.model.SystemConfig	getOption()	0	[]		public	true	/home/nima/Desktop/taint-docker/table4/annotator/pybbs/src/main/java/co/yiiu/pybbs/model/SystemConfig.java
305	co.yiiu.pybbs.model.SystemConfig	setOption(java.lang.String)	0	[false]		public	false	/home/nima/Desktop/taint-docker/table4/annotator/pybbs/src/main/java/co/yiiu/pybbs/model/SystemConfig.java
306	co.yiiu.pybbs.model.SystemConfig	getReboot()	0	[]		public	true	/home/nima/Desktop/taint-docker/table4/annotator/pybbs/src/main/java/co/yiiu/pybbs/model/SystemConfig.java
307	co.yiiu.pybbs.model.SystemConfig	setReboot(java.lang.String)	0	[false]		public	false	/home/nima/Desktop/taint-docker/table4/annotator/pybbs/src/main/java/co/yiiu/pybbs/model/SystemConfig.java
308	co.yiiu.pybbs.model.SystemConfig	toString()	158	[]	java.lang.Override	public	true	/home/nima/Desktop/taint-docker/table4/annotator/pybbs/src/main/java/co/yiiu/pybbs/model/SystemConfig.java
309	co.yiiu.pybbs.util.StringUtil	StringUtil()	0	[]		private	false	/home/nima/Desktop/taint-docker/table4/annotator/pybbs/src/main/java/co/yiiu/pybbs/util/StringUtil.java
310	co.yiiu.pybbs.util.StringUtil	check(java.lang.String,java.lang.String)	0	[false, false]		public	false	/home/nima/Desktop/taint-docker/table4/annotator/pybbs/src/main/java/co/yiiu/pybbs/util/StringUtil.java
311	co.yiiu.pybbs.util.StringUtil	randomString(int)	0	[false]		public	true	/home/nima/Desktop/taint-docker/table4/annotator/pybbs/src/main/java/co/yiiu/pybbs/util/StringUtil.java
312	co.yiiu.pybbs.util.StringUtil	randomNumber(int)	0	[false]		public	true	/home/nima/Desktop/taint-docker/table4/annotator/pybbs/src/main/java/co/yiiu/pybbs/util/StringUtil.java
313	co.yiiu.pybbs.util.StringUtil	uuid()	0	[]		public	true	/home/nima/Desktop/taint-docker/table4/annotator/pybbs/src/main/java/co/yiiu/pybbs/util/StringUtil.java
314	co.yiiu.pybbs.util.StringUtil	isUUID(java.lang.String)	0	[false]		public	false	/home/nima/Desktop/taint-docker/table4/annotator/pybbs/src/main/java/co/yiiu/pybbs/util/StringUtil.java
315	co.yiiu.pybbs.util.StringUtil	formatParams(java.lang.String)	0	[false]		public	true	/home/nima/Desktop/taint-docker/table4/annotator/pybbs/src/main/java/co/yiiu/pybbs/util/StringUtil.java
316	co.yiiu.pybbs.util.StringUtil	fetchAtUser(java.lang.String)	0	[false]		public	true	/home/nima/Desktop/taint-docker/table4/annotator/pybbs/src/main/java/co/yiiu/pybbs/util/StringUtil.java
317	co.yiiu.pybbs.util.StringUtil	removeEmpty(java.lang.String[])	0	[false]		public	true	/home/nima/Desktop/taint-docker/table4/annotator/pybbs/src/main/java/co/yiiu/pybbs/util/StringUtil.java
318	co.yiiu.pybbs.util.StringUtil	string2Unicode(java.lang.String)	0	[false]		public	true	/home/nima/Desktop/taint-docker/table4/annotator/pybbs/src/main/java/co/yiiu/pybbs/util/StringUtil.java
319	co.yiiu.pybbs.util.StringUtil	removeSpecialChar(java.lang.String)	0	[false]		public	true	/home/nima/Desktop/taint-docker/table4/annotator/pybbs/src/main/java/co/yiiu/pybbs/util/StringUtil.java
320	co.yiiu.pybbs.service.impl.CodeService	generateToken()	0	[]		private	true	/home/nima/Desktop/taint-docker/table4/annotator/pybbs/src/main/java/co/yiiu/pybbs/service/impl/CodeService.java
321	co.yiiu.pybbs.service.impl.CodeService	selectByCode(java.lang.String)	205	[false]	java.lang.Override	public	true	/home/nima/Desktop/taint-docker/table4/annotator/pybbs/src/main/java/co/yiiu/pybbs/service/impl/CodeService.java
322	co.yiiu.pybbs.service.impl.CodeService	selectNotUsedCode(java.lang.Integer,java.lang.String,java.lang.String)	206	[false, false, false]	java.lang.Override	public	true	/home/nima/Desktop/taint-docker/table4/annotator/pybbs/src/main/java/co/yiiu/pybbs/service/impl/CodeService.java
323	co.yiiu.pybbs.service.impl.CodeService	createCode(java.lang.Integer,java.lang.String,java.lang.String)	207	[false, false, false]	java.lang.Override	public	true	/home/nima/Desktop/taint-docker/table4/annotator/pybbs/src/main/java/co/yiiu/pybbs/service/impl/CodeService.java
324	co.yiiu.pybbs.service.impl.CodeService	validateCode(java.lang.Integer,java.lang.String,java.lang.String,java.lang.String)	208	[false, false, false, false]	java.lang.Override	public	true	/home/nima/Desktop/taint-docker/table4/annotator/pybbs/src/main/java/co/yiiu/pybbs/service/impl/CodeService.java
325	co.yiiu.pybbs.service.impl.CodeService	sendEmail(java.lang.Integer,java.lang.String,java.lang.String,java.lang.String)	209	[false, false, false, false]	java.lang.Override	public	false	/home/nima/Desktop/taint-docker/table4/annotator/pybbs/src/main/java/co/yiiu/pybbs/service/impl/CodeService.java
326	co.yiiu.pybbs.service.impl.CodeService	sendSms(java.lang.String)	210	[false]	java.lang.Override	public	false	/home/nima/Desktop/taint-docker/table4/annotator/pybbs/src/main/java/co/yiiu/pybbs/service/impl/CodeService.java
327	co.yiiu.pybbs.service.impl.CodeService	update(co.yiiu.pybbs.model.Code)	211	[false]	java.lang.Override	public	false	/home/nima/Desktop/taint-docker/table4/annotator/pybbs/src/main/java/co/yiiu/pybbs/service/impl/CodeService.java
328	co.yiiu.pybbs.service.impl.CodeService	deleteByUserId(java.lang.Integer)	212	[false]	java.lang.Override	public	false	/home/nima/Desktop/taint-docker/table4/annotator/pybbs/src/main/java/co/yiiu/pybbs/service/impl/CodeService.java
329	co.yiiu.pybbs.config.service.EmailService	instance()	330	[]	java.lang.Override	public	true	/home/nima/Desktop/taint-docker/table4/annotator/pybbs/src/main/java/co/yiiu/pybbs/config/service/EmailService.java
331	co.yiiu.pybbs.config.service.EmailService$1	getPasswordAuthentication()	332	[]	java.lang.Override	protected	true	/home/nima/Desktop/taint-docker/table4/annotator/pybbs/src/main/java/co/yiiu/pybbs/config/service/EmailService.java
333	co.yiiu.pybbs.config.service.EmailService	sendEmail(java.lang.String,java.lang.String,java.lang.String)	0	[false, false, false]		public	false	/home/nima/Desktop/taint-docker/table4/annotator/pybbs/src/main/java/co/yiiu/pybbs/config/service/EmailService.java
330	co.yiiu.pybbs.config.service.BaseService	instance()	0	[]		public	true	/home/nima/Desktop/taint-docker/table4/annotator/pybbs/src/main/java/co/yiiu/pybbs/config/service/BaseService.java
334	co.yiiu.pybbs.config.service.SmsService	SmsService()	0	[]		private	false	/home/nima/Desktop/taint-docker/table4/annotator/pybbs/src/main/java/co/yiiu/pybbs/config/service/SmsService.java
335	co.yiiu.pybbs.config.service.SmsService	instance()	0	[]		public	true	/home/nima/Desktop/taint-docker/table4/annotator/pybbs/src/main/java/co/yiiu/pybbs/config/service/SmsService.java
336	co.yiiu.pybbs.config.service.SmsService	sendSms(java.lang.String,java.lang.String)	0	[false, false]		public	false	/home/nima/Desktop/taint-docker/table4/annotator/pybbs/src/main/java/co/yiiu/pybbs/config/service/SmsService.java
337	co.yiiu.pybbs.controller.front.TopicController	detail(java.lang.Integer,org.springframework.ui.Model,javax.servlet.http.HttpServletRequest)	0	[false, false, false]	org.springframework.web.bind.annotation.GetMapping	public	true	/home/nima/Desktop/taint-docker/table4/annotator/pybbs/src/main/java/co/yiiu/pybbs/controller/front/TopicController.java
338	co.yiiu.pybbs.controller.front.TopicController	create(java.lang.String,org.springframework.ui.Model)	0	[false, false]	org.springframework.web.bind.annotation.GetMapping	public	true	/home/nima/Desktop/taint-docker/table4/annotator/pybbs/src/main/java/co/yiiu/pybbs/controller/front/TopicController.java
339	co.yiiu.pybbs.controller.front.TopicController	edit(java.lang.Integer,org.springframework.ui.Model)	0	[false, false]	org.springframework.web.bind.annotation.GetMapping	public	true	/home/nima/Desktop/taint-docker/table4/annotator/pybbs/src/main/java/co/yiiu/pybbs/controller/front/TopicController.java
340	co.yiiu.pybbs.controller.front.TopicController	tag(java.lang.String,java.lang.Integer,org.springframework.ui.Model)	0	[false, false, false]	org.springframework.web.bind.annotation.GetMapping	public	true	/home/nima/Desktop/taint-docker/table4/annotator/pybbs/src/main/java/co/yiiu/pybbs/controller/front/TopicController.java
341	co.yiiu.pybbs.controller.front.BaseController	redirect(java.lang.String)	0	[false]		protected	true	/home/nima/Desktop/taint-docker/table4/annotator/pybbs/src/main/java/co/yiiu/pybbs/controller/front/BaseController.java
342	co.yiiu.pybbs.controller.front.BaseController	getUser()	0	[]		protected	true	/home/nima/Desktop/taint-docker/table4/annotator/pybbs/src/main/java/co/yiiu/pybbs/controller/front/BaseController.java
343	co.yiiu.pybbs.controller.front.BaseController	render(java.lang.String)	0	[false]		protected	true	/home/nima/Desktop/taint-docker/table4/annotator/pybbs/src/main/java/co/yiiu/pybbs/controller/front/BaseController.java
344	co.yiiu.pybbs.model.OAuthUser	getId()	0	[]		public	true	/home/nima/Desktop/taint-docker/table4/annotator/pybbs/src/main/java/co/yiiu/pybbs/model/OAuthUser.java
345	co.yiiu.pybbs.model.OAuthUser	setId(java.lang.Integer)	0	[false]		public	false	/home/nima/Desktop/taint-docker/table4/annotator/pybbs/src/main/java/co/yiiu/pybbs/model/OAuthUser.java
346	co.yiiu.pybbs.model.OAuthUser	getOauthId()	0	[]		public	true	/home/nima/Desktop/taint-docker/table4/annotator/pybbs/src/main/java/co/yiiu/pybbs/model/OAuthUser.java
347	co.yiiu.pybbs.model.OAuthUser	setOauthId(java.lang.Integer)	0	[false]		public	false	/home/nima/Desktop/taint-docker/table4/annotator/pybbs/src/main/java/co/yiiu/pybbs/model/OAuthUser.java
348	co.yiiu.pybbs.model.OAuthUser	getType()	0	[]		public	true	/home/nima/Desktop/taint-docker/table4/annotator/pybbs/src/main/java/co/yiiu/pybbs/model/OAuthUser.java
349	co.yiiu.pybbs.model.OAuthUser	setType(java.lang.String)	0	[false]		public	false	/home/nima/Desktop/taint-docker/table4/annotator/pybbs/src/main/java/co/yiiu/pybbs/model/OAuthUser.java
350	co.yiiu.pybbs.model.OAuthUser	getLogin()	0	[]		public	true	/home/nima/Desktop/taint-docker/table4/annotator/pybbs/src/main/java/co/yiiu/pybbs/model/OAuthUser.java
351	co.yiiu.pybbs.model.OAuthUser	setLogin(java.lang.String)	0	[false]		public	false	/home/nima/Desktop/taint-docker/table4/annotator/pybbs/src/main/java/co/yiiu/pybbs/model/OAuthUser.java
352	co.yiiu.pybbs.model.OAuthUser	getAccessToken()	0	[]		public	true	/home/nima/Desktop/taint-docker/table4/annotator/pybbs/src/main/java/co/yiiu/pybbs/model/OAuthUser.java
353	co.yiiu.pybbs.model.OAuthUser	setAccessToken(java.lang.String)	0	[false]		public	false	/home/nima/Desktop/taint-docker/table4/annotator/pybbs/src/main/java/co/yiiu/pybbs/model/OAuthUser.java
354	co.yiiu.pybbs.model.OAuthUser	getInTime()	0	[]		public	true	/home/nima/Desktop/taint-docker/table4/annotator/pybbs/src/main/java/co/yiiu/pybbs/model/OAuthUser.java
355	co.yiiu.pybbs.model.OAuthUser	setInTime(java.util.Date)	0	[false]		public	false	/home/nima/Desktop/taint-docker/table4/annotator/pybbs/src/main/java/co/yiiu/pybbs/model/OAuthUser.java
356	co.yiiu.pybbs.model.OAuthUser	getBio()	0	[]		public	true	/home/nima/Desktop/taint-docker/table4/annotator/pybbs/src/main/java/co/yiiu/pybbs/model/OAuthUser.java
357	co.yiiu.pybbs.model.OAuthUser	setBio(java.lang.String)	0	[false]		public	false	/home/nima/Desktop/taint-docker/table4/annotator/pybbs/src/main/java/co/yiiu/pybbs/model/OAuthUser.java
358	co.yiiu.pybbs.model.OAuthUser	getEmail()	0	[]		public	true	/home/nima/Desktop/taint-docker/table4/annotator/pybbs/src/main/java/co/yiiu/pybbs/model/OAuthUser.java
359	co.yiiu.pybbs.model.OAuthUser	setEmail(java.lang.String)	0	[false]		public	false	/home/nima/Desktop/taint-docker/table4/annotator/pybbs/src/main/java/co/yiiu/pybbs/model/OAuthUser.java
360	co.yiiu.pybbs.model.OAuthUser	getUserId()	0	[]		public	true	/home/nima/Desktop/taint-docker/table4/annotator/pybbs/src/main/java/co/yiiu/pybbs/model/OAuthUser.java
361	co.yiiu.pybbs.model.OAuthUser	setUserId(java.lang.Integer)	0	[false]		public	false	/home/nima/Desktop/taint-docker/table4/annotator/pybbs/src/main/java/co/yiiu/pybbs/model/OAuthUser.java
362	co.yiiu.pybbs.model.OAuthUser	getRefreshToken()	0	[]		public	true	/home/nima/Desktop/taint-docker/table4/annotator/pybbs/src/main/java/co/yiiu/pybbs/model/OAuthUser.java
363	co.yiiu.pybbs.model.OAuthUser	setRefreshToken(java.lang.String)	0	[false]		public	false	/home/nima/Desktop/taint-docker/table4/annotator/pybbs/src/main/java/co/yiiu/pybbs/model/OAuthUser.java
364	co.yiiu.pybbs.model.OAuthUser	getUnionId()	0	[]		public	true	/home/nima/Desktop/taint-docker/table4/annotator/pybbs/src/main/java/co/yiiu/pybbs/model/OAuthUser.java
365	co.yiiu.pybbs.model.OAuthUser	setUnionId(java.lang.String)	0	[false]		public	false	/home/nima/Desktop/taint-docker/table4/annotator/pybbs/src/main/java/co/yiiu/pybbs/model/OAuthUser.java
366	co.yiiu.pybbs.model.OAuthUser	getExpiresIn()	0	[]		public	true	/home/nima/Desktop/taint-docker/table4/annotator/pybbs/src/main/java/co/yiiu/pybbs/model/OAuthUser.java
367	co.yiiu.pybbs.model.OAuthUser	setExpiresIn(java.lang.String)	0	[false]		public	false	/home/nima/Desktop/taint-docker/table4/annotator/pybbs/src/main/java/co/yiiu/pybbs/model/OAuthUser.java
368	co.yiiu.pybbs.model.Role	getId()	0	[]		public	true	/home/nima/Desktop/taint-docker/table4/annotator/pybbs/src/main/java/co/yiiu/pybbs/model/Role.java
369	co.yiiu.pybbs.model.Role	setId(java.lang.Integer)	0	[false]		public	false	/home/nima/Desktop/taint-docker/table4/annotator/pybbs/src/main/java/co/yiiu/pybbs/model/Role.java
370	co.yiiu.pybbs.model.Role	getName()	0	[]		public	true	/home/nima/Desktop/taint-docker/table4/annotator/pybbs/src/main/java/co/yiiu/pybbs/model/Role.java
371	co.yiiu.pybbs.model.Role	setName(java.lang.String)	0	[false]		public	false	/home/nima/Desktop/taint-docker/table4/annotator/pybbs/src/main/java/co/yiiu/pybbs/model/Role.java
372	co.yiiu.pybbs.controller.admin.UserAdminController	list(java.lang.Integer,java.lang.String,org.springframework.ui.Model)	0	[false, false, false]	org.apache.shiro.authz.annotation.RequiresPermissions,org.springframework.web.bind.annotation.GetMapping	public	true	/home/nima/Desktop/taint-docker/table4/annotator/pybbs/src/main/java/co/yiiu/pybbs/controller/admin/UserAdminController.java
373	co.yiiu.pybbs.controller.admin.UserAdminController	edit(java.lang.Integer,org.springframework.ui.Model)	0	[false, false]	org.apache.shiro.authz.annotation.RequiresPermissions,org.springframework.web.bind.annotation.GetMapping	public	true	/home/nima/Desktop/taint-docker/table4/annotator/pybbs/src/main/java/co/yiiu/pybbs/controller/admin/UserAdminController.java
374	co.yiiu.pybbs.controller.admin.UserAdminController	update(co.yiiu.pybbs.model.User)	0	[false]	org.apache.shiro.authz.annotation.RequiresPermissions,org.springframework.web.bind.annotation.PostMapping,org.springframework.web.bind.annotation.ResponseBody	public	true	/home/nima/Desktop/taint-docker/table4/annotator/pybbs/src/main/java/co/yiiu/pybbs/controller/admin/UserAdminController.java
375	co.yiiu.pybbs.controller.admin.UserAdminController	delete(java.lang.Integer)	0	[false]	org.apache.shiro.authz.annotation.RequiresPermissions,org.springframework.web.bind.annotation.GetMapping,org.springframework.web.bind.annotation.ResponseBody	public	true	/home/nima/Desktop/taint-docker/table4/annotator/pybbs/src/main/java/co/yiiu/pybbs/controller/admin/UserAdminController.java
376	co.yiiu.pybbs.controller.admin.UserAdminController	refreshToken(java.lang.Integer)	0	[false]	org.apache.shiro.authz.annotation.RequiresPermissions,org.springframework.web.bind.annotation.GetMapping,org.springframework.web.bind.annotation.ResponseBody	public	true	/home/nima/Desktop/taint-docker/table4/annotator/pybbs/src/main/java/co/yiiu/pybbs/controller/admin/UserAdminController.java
377	co.yiiu.pybbs.controller.admin.BaseAdminController	getAdminUser()	0	[]		protected	true	/home/nima/Desktop/taint-docker/table4/annotator/pybbs/src/main/java/co/yiiu/pybbs/controller/admin/BaseAdminController.java
378	co.yiiu.pybbs.controller.api.BaseApiController	success()	0	[]		protected	true	/home/nima/Desktop/taint-docker/table4/annotator/pybbs/src/main/java/co/yiiu/pybbs/controller/api/BaseApiController.java
379	co.yiiu.pybbs.controller.api.BaseApiController	success(java.lang.Object)	0	[false]		protected	true	/home/nima/Desktop/taint-docker/table4/annotator/pybbs/src/main/java/co/yiiu/pybbs/controller/api/BaseApiController.java
380	co.yiiu.pybbs.controller.api.BaseApiController	error(java.lang.String)	0	[false]		protected	true	/home/nima/Desktop/taint-docker/table4/annotator/pybbs/src/main/java/co/yiiu/pybbs/controller/api/BaseApiController.java
381	co.yiiu.pybbs.controller.api.BaseApiController	getApiUser()	0	[]		protected	true	/home/nima/Desktop/taint-docker/table4/annotator/pybbs/src/main/java/co/yiiu/pybbs/controller/api/BaseApiController.java
382	co.yiiu.pybbs.controller.api.BaseApiController	getApiUser(boolean)	0	[false]		protected	true	/home/nima/Desktop/taint-docker/table4/annotator/pybbs/src/main/java/co/yiiu/pybbs/controller/api/BaseApiController.java
383	co.yiiu.pybbs.util.Result	getCode()	0	[]		public	true	/home/nima/Desktop/taint-docker/table4/annotator/pybbs/src/main/java/co/yiiu/pybbs/util/Result.java
384	co.yiiu.pybbs.util.Result	setCode(java.lang.Integer)	0	[false]		public	false	/home/nima/Desktop/taint-docker/table4/annotator/pybbs/src/main/java/co/yiiu/pybbs/util/Result.java
385	co.yiiu.pybbs.util.Result	getDescription()	0	[]		public	true	/home/nima/Desktop/taint-docker/table4/annotator/pybbs/src/main/java/co/yiiu/pybbs/util/Result.java
386	co.yiiu.pybbs.util.Result	setDescription(java.lang.String)	0	[false]		public	false	/home/nima/Desktop/taint-docker/table4/annotator/pybbs/src/main/java/co/yiiu/pybbs/util/Result.java
387	co.yiiu.pybbs.util.Result	getDetail()	0	[]		public	true	/home/nima/Desktop/taint-docker/table4/annotator/pybbs/src/main/java/co/yiiu/pybbs/util/Result.java
388	co.yiiu.pybbs.util.Result	setDetail(java.lang.Object)	0	[false]		public	false	/home/nima/Desktop/taint-docker/table4/annotator/pybbs/src/main/java/co/yiiu/pybbs/util/Result.java
389	co.yiiu.pybbs.service.IAdminUserService	selectByUsername(java.lang.String)	0	[false]		public	true	/home/nima/Desktop/taint-docker/table4/annotator/pybbs/src/main/java/co/yiiu/pybbs/service/IAdminUserService.java
390	co.yiiu.pybbs.service.IAdminUserService	selectAll()	0	[]		public	true	/home/nima/Desktop/taint-docker/table4/annotator/pybbs/src/main/java/co/yiiu/pybbs/service/IAdminUserService.java
391	co.yiiu.pybbs.service.IAdminUserService	update(co.yiiu.pybbs.model.AdminUser)	0	[false]		public	false	/home/nima/Desktop/taint-docker/table4/annotator/pybbs/src/main/java/co/yiiu/pybbs/service/IAdminUserService.java
392	co.yiiu.pybbs.service.IAdminUserService	insert(co.yiiu.pybbs.model.AdminUser)	0	[false]		public	false	/home/nima/Desktop/taint-docker/table4/annotator/pybbs/src/main/java/co/yiiu/pybbs/service/IAdminUserService.java
393	co.yiiu.pybbs.service.IAdminUserService	delete(java.lang.Integer)	0	[false]		public	false	/home/nima/Desktop/taint-docker/table4/annotator/pybbs/src/main/java/co/yiiu/pybbs/service/IAdminUserService.java
394	co.yiiu.pybbs.service.IAdminUserService	selectById(java.lang.Integer)	0	[false]		public	true	/home/nima/Desktop/taint-docker/table4/annotator/pybbs/src/main/java/co/yiiu/pybbs/service/IAdminUserService.java
395	co.yiiu.pybbs.service.IAdminUserService	selectByRoleId(java.lang.Integer)	0	[false]		public	true	/home/nima/Desktop/taint-docker/table4/annotator/pybbs/src/main/java/co/yiiu/pybbs/service/IAdminUserService.java
396	co.yiiu.pybbs.model.AdminUser	getId()	0	[]		public	true	/home/nima/Desktop/taint-docker/table4/annotator/pybbs/src/main/java/co/yiiu/pybbs/model/AdminUser.java
397	co.yiiu.pybbs.model.AdminUser	setId(java.lang.Integer)	0	[false]		public	false	/home/nima/Desktop/taint-docker/table4/annotator/pybbs/src/main/java/co/yiiu/pybbs/model/AdminUser.java
398	co.yiiu.pybbs.model.AdminUser	getUsername()	0	[]		public	true	/home/nima/Desktop/taint-docker/table4/annotator/pybbs/src/main/java/co/yiiu/pybbs/model/AdminUser.java
399	co.yiiu.pybbs.model.AdminUser	setUsername(java.lang.String)	0	[false]		public	false	/home/nima/Desktop/taint-docker/table4/annotator/pybbs/src/main/java/co/yiiu/pybbs/model/AdminUser.java
400	co.yiiu.pybbs.model.AdminUser	getPassword()	0	[]		public	true	/home/nima/Desktop/taint-docker/table4/annotator/pybbs/src/main/java/co/yiiu/pybbs/model/AdminUser.java
401	co.yiiu.pybbs.model.AdminUser	setPassword(java.lang.String)	0	[false]		public	false	/home/nima/Desktop/taint-docker/table4/annotator/pybbs/src/main/java/co/yiiu/pybbs/model/AdminUser.java
402	co.yiiu.pybbs.model.AdminUser	getInTime()	0	[]		public	true	/home/nima/Desktop/taint-docker/table4/annotator/pybbs/src/main/java/co/yiiu/pybbs/model/AdminUser.java
403	co.yiiu.pybbs.model.AdminUser	setInTime(java.util.Date)	0	[false]		public	false	/home/nima/Desktop/taint-docker/table4/annotator/pybbs/src/main/java/co/yiiu/pybbs/model/AdminUser.java
404	co.yiiu.pybbs.model.AdminUser	getRoleId()	0	[]		public	true	/home/nima/Desktop/taint-docker/table4/annotator/pybbs/src/main/java/co/yiiu/pybbs/model/AdminUser.java
405	co.yiiu.pybbs.model.AdminUser	setRoleId(java.lang.Integer)	0	[false]		public	false	/home/nima/Desktop/taint-docker/table4/annotator/pybbs/src/main/java/co/yiiu/pybbs/model/AdminUser.java
406	co.yiiu.pybbs.controller.admin.TagAdminController	list(java.lang.Integer,java.lang.String,org.springframework.ui.Model)	0	[false, false, false]	org.apache.shiro.authz.annotation.RequiresPermissions,org.springframework.web.bind.annotation.GetMapping	public	true	/home/nima/Desktop/taint-docker/table4/annotator/pybbs/src/main/java/co/yiiu/pybbs/controller/admin/TagAdminController.java
407	co.yiiu.pybbs.controller.admin.TagAdminController	edit(java.lang.Integer,org.springframework.ui.Model)	0	[false, false]	org.apache.shiro.authz.annotation.RequiresPermissions,org.springframework.web.bind.annotation.GetMapping	public	true	/home/nima/Desktop/taint-docker/table4/annotator/pybbs/src/main/java/co/yiiu/pybbs/controller/admin/TagAdminController.java
408	co.yiiu.pybbs.controller.admin.TagAdminController	update(java.lang.Integer,java.lang.String,java.lang.String,java.lang.Integer,org.springframework.web.multipart.MultipartFile)	0	[false, false, false, false, false]	org.apache.shiro.authz.annotation.RequiresPermissions,org.springframework.web.bind.annotation.PostMapping	public	true	/home/nima/Desktop/taint-docker/table4/annotator/pybbs/src/main/java/co/yiiu/pybbs/controller/admin/TagAdminController.java
409	co.yiiu.pybbs.controller.admin.TagAdminController	delete(java.lang.Integer)	0	[false]	org.apache.shiro.authz.annotation.RequiresPermissions,org.springframework.web.bind.annotation.GetMapping,org.springframework.web.bind.annotation.ResponseBody	public	true	/home/nima/Desktop/taint-docker/table4/annotator/pybbs/src/main/java/co/yiiu/pybbs/controller/admin/TagAdminController.java
410	co.yiiu.pybbs.controller.admin.TagAdminController	async()	0	[]	org.apache.shiro.authz.annotation.RequiresPermissions,org.springframework.web.bind.annotation.GetMapping,org.springframework.web.bind.annotation.ResponseBody	public	true	/home/nima/Desktop/taint-docker/table4/annotator/pybbs/src/main/java/co/yiiu/pybbs/controller/admin/TagAdminController.java
411	co.yiiu.pybbs.util.FileUtil	getFileMD5(java.io.InputStream)	0	[false]		public	true	/home/nima/Desktop/taint-docker/table4/annotator/pybbs/src/main/java/co/yiiu/pybbs/util/FileUtil.java
412	co.yiiu.pybbs.util.FileUtil	upload(org.springframework.web.multipart.MultipartFile,java.lang.String,java.lang.String)	0	[false, false, false]		public	true	/home/nima/Desktop/taint-docker/table4/annotator/pybbs/src/main/java/co/yiiu/pybbs/util/FileUtil.java
413	co.yiiu.pybbs.util.FileUtil	ossUpload(org.springframework.web.multipart.MultipartFile,java.lang.String,java.lang.String)	0	[false, false, false]		public	true	/home/nima/Desktop/taint-docker/table4/annotator/pybbs/src/main/java/co/yiiu/pybbs/util/FileUtil.java
414	co.yiiu.pybbs.util.FileUtil	generatorOssUrl(java.lang.String)	0	[false]		public	true	/home/nima/Desktop/taint-docker/table4/annotator/pybbs/src/main/java/co/yiiu/pybbs/util/FileUtil.java
415	co.yiiu.pybbs.util.FileUtil	qiniuUpload(org.springframework.web.multipart.MultipartFile,java.lang.String,java.lang.String)	0	[false, false, false]		public	true	/home/nima/Desktop/taint-docker/table4/annotator/pybbs/src/main/java/co/yiiu/pybbs/util/FileUtil.java
416	co.yiiu.pybbs.util.SensitiveWordUtil	init(java.util.Set)	0	[false]		public	false	/home/nima/Desktop/taint-docker/table4/annotator/pybbs/src/main/java/co/yiiu/pybbs/util/SensitiveWordUtil.java
417	co.yiiu.pybbs.util.SensitiveWordUtil	initSensitiveWordMap(java.util.Set)	0	[false]		private	false	/home/nima/Desktop/taint-docker/table4/annotator/pybbs/src/main/java/co/yiiu/pybbs/util/SensitiveWordUtil.java
418	co.yiiu.pybbs.util.SensitiveWordUtil	contains(java.lang.String,int)	0	[false, false]		public	false	/home/nima/Desktop/taint-docker/table4/annotator/pybbs/src/main/java/co/yiiu/pybbs/util/SensitiveWordUtil.java
419	co.yiiu.pybbs.util.SensitiveWordUtil	contains(java.lang.String)	0	[false]		public	false	/home/nima/Desktop/taint-docker/table4/annotator/pybbs/src/main/java/co/yiiu/pybbs/util/SensitiveWordUtil.java
420	co.yiiu.pybbs.util.SensitiveWordUtil	getSensitiveWord(java.lang.String,int)	0	[false, false]		public	true	/home/nima/Desktop/taint-docker/table4/annotator/pybbs/src/main/java/co/yiiu/pybbs/util/SensitiveWordUtil.java
421	co.yiiu.pybbs.util.SensitiveWordUtil	getSensitiveWord(java.lang.String)	0	[false]		public	true	/home/nima/Desktop/taint-docker/table4/annotator/pybbs/src/main/java/co/yiiu/pybbs/util/SensitiveWordUtil.java
422	co.yiiu.pybbs.util.SensitiveWordUtil	replaceSensitiveWord(java.lang.String,char,int)	0	[false, false, false]		public	true	/home/nima/Desktop/taint-docker/table4/annotator/pybbs/src/main/java/co/yiiu/pybbs/util/SensitiveWordUtil.java
423	co.yiiu.pybbs.util.SensitiveWordUtil	replaceSensitiveWord(java.lang.String,char)	0	[false, false]		public	true	/home/nima/Desktop/taint-docker/table4/annotator/pybbs/src/main/java/co/yiiu/pybbs/util/SensitiveWordUtil.java
424	co.yiiu.pybbs.util.SensitiveWordUtil	replaceSensitiveWord(java.lang.String,java.lang.String,int)	0	[false, false, false]		public	true	/home/nima/Desktop/taint-docker/table4/annotator/pybbs/src/main/java/co/yiiu/pybbs/util/SensitiveWordUtil.java
425	co.yiiu.pybbs.util.SensitiveWordUtil	replaceSensitiveWord(java.lang.String,java.lang.String)	0	[false, false]		public	true	/home/nima/Desktop/taint-docker/table4/annotator/pybbs/src/main/java/co/yiiu/pybbs/util/SensitiveWordUtil.java
426	co.yiiu.pybbs.util.SensitiveWordUtil	getReplaceChars(char,int)	0	[false, false]		private	true	/home/nima/Desktop/taint-docker/table4/annotator/pybbs/src/main/java/co/yiiu/pybbs/util/SensitiveWordUtil.java
427	co.yiiu.pybbs.util.SensitiveWordUtil	checkSensitiveWord(java.lang.String,int,int)	0	[false, false, false]		private	false	/home/nima/Desktop/taint-docker/table4/annotator/pybbs/src/main/java/co/yiiu/pybbs/util/SensitiveWordUtil.java
428	co.yiiu.pybbs.service.ISensitiveWordService	save(co.yiiu.pybbs.model.SensitiveWord)	0	[false]		public	false	/home/nima/Desktop/taint-docker/table4/annotator/pybbs/src/main/java/co/yiiu/pybbs/service/ISensitiveWordService.java
429	co.yiiu.pybbs.service.ISensitiveWordService	update(co.yiiu.pybbs.model.SensitiveWord)	0	[false]		public	false	/home/nima/Desktop/taint-docker/table4/annotator/pybbs/src/main/java/co/yiiu/pybbs/service/ISensitiveWordService.java
430	co.yiiu.pybbs.service.ISensitiveWordService	selectAll()	0	[]		public	true	/home/nima/Desktop/taint-docker/table4/annotator/pybbs/src/main/java/co/yiiu/pybbs/service/ISensitiveWordService.java
431	co.yiiu.pybbs.service.ISensitiveWordService	deleteById(java.lang.Integer)	0	[false]		public	false	/home/nima/Desktop/taint-docker/table4/annotator/pybbs/src/main/java/co/yiiu/pybbs/service/ISensitiveWordService.java
432	co.yiiu.pybbs.service.ISensitiveWordService	page(java.lang.Integer,java.lang.String)	0	[false, false]		public	true	/home/nima/Desktop/taint-docker/table4/annotator/pybbs/src/main/java/co/yiiu/pybbs/service/ISensitiveWordService.java
433	co.yiiu.pybbs.service.ISensitiveWordService	updateWordById(java.lang.Integer,java.lang.String)	0	[false, false]		public	false	/home/nima/Desktop/taint-docker/table4/annotator/pybbs/src/main/java/co/yiiu/pybbs/service/ISensitiveWordService.java
434	co.yiiu.pybbs.service.ISensitiveWordService	selectByWord(java.lang.String)	0	[false]		public	true	/home/nima/Desktop/taint-docker/table4/annotator/pybbs/src/main/java/co/yiiu/pybbs/service/ISensitiveWordService.java
435	co.yiiu.pybbs.model.SensitiveWord	getId()	0	[]		public	true	/home/nima/Desktop/taint-docker/table4/annotator/pybbs/src/main/java/co/yiiu/pybbs/model/SensitiveWord.java
436	co.yiiu.pybbs.model.SensitiveWord	setId(java.lang.Integer)	0	[false]		public	false	/home/nima/Desktop/taint-docker/table4/annotator/pybbs/src/main/java/co/yiiu/pybbs/model/SensitiveWord.java
437	co.yiiu.pybbs.model.SensitiveWord	getWord()	0	[]		public	true	/home/nima/Desktop/taint-docker/table4/annotator/pybbs/src/main/java/co/yiiu/pybbs/model/SensitiveWord.java
438	co.yiiu.pybbs.model.SensitiveWord	setWord(java.lang.String)	0	[false]		public	false	/home/nima/Desktop/taint-docker/table4/annotator/pybbs/src/main/java/co/yiiu/pybbs/model/SensitiveWord.java
439	co.yiiu.pybbs.controller.api.SettingsApiController	update(java.util.Map,javax.servlet.http.HttpSession)	0	[false, false]	org.springframework.web.bind.annotation.PutMapping	public	true	/home/nima/Desktop/taint-docker/table4/annotator/pybbs/src/main/java/co/yiiu/pybbs/controller/api/SettingsApiController.java
440	co.yiiu.pybbs.controller.api.SettingsApiController	sendActiveEmail()	0	[]	org.springframework.web.bind.annotation.GetMapping	public	true	/home/nima/Desktop/taint-docker/table4/annotator/pybbs/src/main/java/co/yiiu/pybbs/controller/api/SettingsApiController.java
441	co.yiiu.pybbs.controller.api.SettingsApiController	sendEmailCode(java.lang.String)	0	[false]	org.springframework.web.bind.annotation.GetMapping	public	true	/home/nima/Desktop/taint-docker/table4/annotator/pybbs/src/main/java/co/yiiu/pybbs/controller/api/SettingsApiController.java
442	co.yiiu.pybbs.controller.api.SettingsApiController	updateEmail(java.util.Map,javax.servlet.http.HttpSession)	0	[false, false]	org.springframework.web.bind.annotation.PutMapping	public	true	/home/nima/Desktop/taint-docker/table4/annotator/pybbs/src/main/java/co/yiiu/pybbs/controller/api/SettingsApiController.java
443	co.yiiu.pybbs.controller.api.SettingsApiController	updatePassword(java.util.Map)	0	[false]	org.springframework.web.bind.annotation.PutMapping	public	true	/home/nima/Desktop/taint-docker/table4/annotator/pybbs/src/main/java/co/yiiu/pybbs/controller/api/SettingsApiController.java
444	co.yiiu.pybbs.controller.api.SettingsApiController	refreshToken(javax.servlet.http.HttpSession)	0	[false]	org.springframework.web.bind.annotation.GetMapping	public	true	/home/nima/Desktop/taint-docker/table4/annotator/pybbs/src/main/java/co/yiiu/pybbs/controller/api/SettingsApiController.java
445	co.yiiu.pybbs.util.bcrypt.BCrypt	encode_base64(byte[],int,java.lang.StringBuilder)	0	[false, false, false]		package	false	/home/nima/Desktop/taint-docker/table4/annotator/pybbs/src/main/java/co/yiiu/pybbs/util/bcrypt/BCrypt.java
446	co.yiiu.pybbs.util.bcrypt.BCrypt	char64(char)	0	[false]		private	false	/home/nima/Desktop/taint-docker/table4/annotator/pybbs/src/main/java/co/yiiu/pybbs/util/bcrypt/BCrypt.java
447	co.yiiu.pybbs.util.bcrypt.BCrypt	decode_base64(java.lang.String,int)	0	[false, false]		package	true	/home/nima/Desktop/taint-docker/table4/annotator/pybbs/src/main/java/co/yiiu/pybbs/util/bcrypt/BCrypt.java
448	co.yiiu.pybbs.util.bcrypt.BCrypt	encipher(int[],int)	0	[false, false]		private	false	/home/nima/Desktop/taint-docker/table4/annotator/pybbs/src/main/java/co/yiiu/pybbs/util/bcrypt/BCrypt.java
449	co.yiiu.pybbs.util.bcrypt.BCrypt	streamtoword(byte[],int[])	0	[false, false]		private	false	/home/nima/Desktop/taint-docker/table4/annotator/pybbs/src/main/java/co/yiiu/pybbs/util/bcrypt/BCrypt.java
450	co.yiiu.pybbs.util.bcrypt.BCrypt	init_key()	0	[]		private	false	/home/nima/Desktop/taint-docker/table4/annotator/pybbs/src/main/java/co/yiiu/pybbs/util/bcrypt/BCrypt.java
451	co.yiiu.pybbs.util.bcrypt.BCrypt	key(byte[])	0	[false]		private	false	/home/nima/Desktop/taint-docker/table4/annotator/pybbs/src/main/java/co/yiiu/pybbs/util/bcrypt/BCrypt.java
452	co.yiiu.pybbs.util.bcrypt.BCrypt	ekskey(byte[],byte[])	0	[false, false]		private	false	/home/nima/Desktop/taint-docker/table4/annotator/pybbs/src/main/java/co/yiiu/pybbs/util/bcrypt/BCrypt.java
453	co.yiiu.pybbs.util.bcrypt.BCrypt	roundsForLogRounds(int)	0	[false]		package	false	/home/nima/Desktop/taint-docker/table4/annotator/pybbs/src/main/java/co/yiiu/pybbs/util/bcrypt/BCrypt.java
454	co.yiiu.pybbs.util.bcrypt.BCrypt	crypt_raw(byte[],byte[],int)	0	[false, false, false]		private	true	/home/nima/Desktop/taint-docker/table4/annotator/pybbs/src/main/java/co/yiiu/pybbs/util/bcrypt/BCrypt.java
455	co.yiiu.pybbs.util.bcrypt.BCrypt	hashpw(java.lang.String,java.lang.String)	0	[false, false]		public	true	/home/nima/Desktop/taint-docker/table4/annotator/pybbs/src/main/java/co/yiiu/pybbs/util/bcrypt/BCrypt.java
456	co.yiiu.pybbs.util.bcrypt.BCrypt	gensalt(int,java.security.SecureRandom)	0	[false, false]		public	true	/home/nima/Desktop/taint-docker/table4/annotator/pybbs/src/main/java/co/yiiu/pybbs/util/bcrypt/BCrypt.java
457	co.yiiu.pybbs.util.bcrypt.BCrypt	gensalt(int)	0	[false]		public	true	/home/nima/Desktop/taint-docker/table4/annotator/pybbs/src/main/java/co/yiiu/pybbs/util/bcrypt/BCrypt.java
458	co.yiiu.pybbs.util.bcrypt.BCrypt	gensalt()	0	[]		public	true	/home/nima/Desktop/taint-docker/table4/annotator/pybbs/src/main/java/co/yiiu/pybbs/util/bcrypt/BCrypt.java
459	co.yiiu.pybbs.util.bcrypt.BCrypt	checkpw(java.lang.String,java.lang.String)	0	[false, false]		public	false	/home/nima/Desktop/taint-docker/table4/annotator/pybbs/src/main/java/co/yiiu/pybbs/util/bcrypt/BCrypt.java
460	co.yiiu.pybbs.util.bcrypt.BCrypt	equalsNoEarlyReturn(java.lang.String,java.lang.String)	0	[false, false]		package	false	/home/nima/Desktop/taint-docker/table4/annotator/pybbs/src/main/java/co/yiiu/pybbs/util/bcrypt/BCrypt.java
461	co.yiiu.pybbs.util.identicon.generator.impl.MyGenerator	getBooleanValueArray(java.lang.String)	229	[false]	java.lang.Override	public	true	/home/nima/Desktop/taint-docker/table4/annotator/pybbs/src/main/java/co/yiiu/pybbs/util/identicon/generator/impl/MyGenerator.java
462	co.yiiu.pybbs.util.identicon.generator.impl.MyGenerator	getBackgroundColor()	230	[]	java.lang.Override	public	true	/home/nima/Desktop/taint-docker/table4/annotator/pybbs/src/main/java/co/yiiu/pybbs/util/identicon/generator/impl/MyGenerator.java
463	co.yiiu.pybbs.util.identicon.generator.impl.MyGenerator	getForegroundColor()	231	[]	java.lang.Override	public	true	/home/nima/Desktop/taint-docker/table4/annotator/pybbs/src/main/java/co/yiiu/pybbs/util/identicon/generator/impl/MyGenerator.java
464	co.yiiu.pybbs.util.HashUtil	md5(java.lang.String)	0	[false]		public	true	/home/nima/Desktop/taint-docker/table4/annotator/pybbs/src/main/java/co/yiiu/pybbs/util/HashUtil.java
465	co.yiiu.pybbs.util.HashUtil	sha1(java.lang.String)	0	[false]		public	true	/home/nima/Desktop/taint-docker/table4/annotator/pybbs/src/main/java/co/yiiu/pybbs/util/HashUtil.java
466	co.yiiu.pybbs.util.HashUtil	sha256(java.lang.String)	0	[false]		public	true	/home/nima/Desktop/taint-docker/table4/annotator/pybbs/src/main/java/co/yiiu/pybbs/util/HashUtil.java
467	co.yiiu.pybbs.util.HashUtil	sha384(java.lang.String)	0	[false]		public	true	/home/nima/Desktop/taint-docker/table4/annotator/pybbs/src/main/java/co/yiiu/pybbs/util/HashUtil.java
468	co.yiiu.pybbs.util.HashUtil	sha512(java.lang.String)	0	[false]		public	true	/home/nima/Desktop/taint-docker/table4/annotator/pybbs/src/main/java/co/yiiu/pybbs/util/HashUtil.java
469	co.yiiu.pybbs.util.HashUtil	hash(java.lang.String,java.lang.String)	0	[false, false]		public	true	/home/nima/Desktop/taint-docker/table4/annotator/pybbs/src/main/java/co/yiiu/pybbs/util/HashUtil.java
470	co.yiiu.pybbs.util.HashUtil	toHex(byte[])	0	[false]		private	true	/home/nima/Desktop/taint-docker/table4/annotator/pybbs/src/main/java/co/yiiu/pybbs/util/HashUtil.java
471	co.yiiu.pybbs.util.HashUtil	generateSalt(int)	0	[false]		public	true	/home/nima/Desktop/taint-docker/table4/annotator/pybbs/src/main/java/co/yiiu/pybbs/util/HashUtil.java
472	co.yiiu.pybbs.service.IOAuthUserService	selectByTypeAndLogin(java.lang.String,java.lang.String)	0	[false, false]		public	true	/home/nima/Desktop/taint-docker/table4/annotator/pybbs/src/main/java/co/yiiu/pybbs/service/IOAuthUserService.java
473	co.yiiu.pybbs.service.IOAuthUserService	selectByUserId(java.lang.Integer)	0	[false]		public	true	/home/nima/Desktop/taint-docker/table4/annotator/pybbs/src/main/java/co/yiiu/pybbs/service/IOAuthUserService.java
474	co.yiiu.pybbs.service.IOAuthUserService	addOAuthUser(java.lang.Integer,java.lang.String,java.lang.String,java.lang.String,java.lang.String,java.lang.String,java.lang.Integer,java.lang.String,java.lang.String,java.lang.String)	0	[false, false, false, false, false, false, false, false, false, false]		public	false	/home/nima/Desktop/taint-docker/table4/annotator/pybbs/src/main/java/co/yiiu/pybbs/service/IOAuthUserService.java
475	co.yiiu.pybbs.service.IOAuthUserService	update(co.yiiu.pybbs.model.OAuthUser)	0	[false]		public	false	/home/nima/Desktop/taint-docker/table4/annotator/pybbs/src/main/java/co/yiiu/pybbs/service/IOAuthUserService.java
476	co.yiiu.pybbs.service.ITopicTagService	selectByTopicId(java.lang.Integer)	0	[false]		public	true	/home/nima/Desktop/taint-docker/table4/annotator/pybbs/src/main/java/co/yiiu/pybbs/service/ITopicTagService.java
477	co.yiiu.pybbs.service.ITopicTagService	selectByTagId(java.lang.Integer)	0	[false]		public	true	/home/nima/Desktop/taint-docker/table4/annotator/pybbs/src/main/java/co/yiiu/pybbs/service/ITopicTagService.java
478	co.yiiu.pybbs.service.ITopicTagService	insertTopicTag(java.lang.Integer,java.util.List)	0	[false, false]		public	false	/home/nima/Desktop/taint-docker/table4/annotator/pybbs/src/main/java/co/yiiu/pybbs/service/ITopicTagService.java
479	co.yiiu.pybbs.service.ITopicTagService	deleteByTopicId(java.lang.Integer)	0	[false]		public	false	/home/nima/Desktop/taint-docker/table4/annotator/pybbs/src/main/java/co/yiiu/pybbs/service/ITopicTagService.java
480	co.yiiu.pybbs.model.TopicTag	getSerialVersionUID()	0	[]		public	false	/home/nima/Desktop/taint-docker/table4/annotator/pybbs/src/main/java/co/yiiu/pybbs/model/TopicTag.java
481	co.yiiu.pybbs.model.TopicTag	getTagId()	0	[]		public	true	/home/nima/Desktop/taint-docker/table4/annotator/pybbs/src/main/java/co/yiiu/pybbs/model/TopicTag.java
482	co.yiiu.pybbs.model.TopicTag	setTagId(java.lang.Integer)	0	[false]		public	false	/home/nima/Desktop/taint-docker/table4/annotator/pybbs/src/main/java/co/yiiu/pybbs/model/TopicTag.java
483	co.yiiu.pybbs.model.TopicTag	getTopicId()	0	[]		public	true	/home/nima/Desktop/taint-docker/table4/annotator/pybbs/src/main/java/co/yiiu/pybbs/model/TopicTag.java
484	co.yiiu.pybbs.model.TopicTag	setTopicId(java.lang.Integer)	0	[false]		public	false	/home/nima/Desktop/taint-docker/table4/annotator/pybbs/src/main/java/co/yiiu/pybbs/model/TopicTag.java
485	co.yiiu.pybbs.controller.admin.RoleAdminController	list(org.springframework.ui.Model)	0	[false]	org.apache.shiro.authz.annotation.RequiresPermissions,org.springframework.web.bind.annotation.GetMapping	public	true	/home/nima/Desktop/taint-docker/table4/annotator/pybbs/src/main/java/co/yiiu/pybbs/controller/admin/RoleAdminController.java
486	co.yiiu.pybbs.controller.admin.RoleAdminController	add(org.springframework.ui.Model)	0	[false]	org.apache.shiro.authz.annotation.RequiresPermissions,org.springframework.web.bind.annotation.GetMapping	public	true	/home/nima/Desktop/taint-docker/table4/annotator/pybbs/src/main/java/co/yiiu/pybbs/controller/admin/RoleAdminController.java
487	co.yiiu.pybbs.controller.admin.RoleAdminController	save(java.lang.String,java.lang.Integer[])	0	[false, false]	org.apache.shiro.authz.annotation.RequiresPermissions,org.springframework.web.bind.annotation.PostMapping	public	true	/home/nima/Desktop/taint-docker/table4/annotator/pybbs/src/main/java/co/yiiu/pybbs/controller/admin/RoleAdminController.java
488	co.yiiu.pybbs.controller.admin.RoleAdminController	edit(java.lang.Integer,org.springframework.ui.Model)	0	[false, false]	org.apache.shiro.authz.annotation.RequiresPermissions,org.springframework.web.bind.annotation.GetMapping	public	true	/home/nima/Desktop/taint-docker/table4/annotator/pybbs/src/main/java/co/yiiu/pybbs/controller/admin/RoleAdminController.java
489	co.yiiu.pybbs.controller.admin.RoleAdminController	update(java.lang.Integer,java.lang.String,java.lang.Integer[])	0	[false, false, false]	org.apache.shiro.authz.annotation.RequiresPermissions,org.springframework.web.bind.annotation.PostMapping	public	true	/home/nima/Desktop/taint-docker/table4/annotator/pybbs/src/main/java/co/yiiu/pybbs/controller/admin/RoleAdminController.java
490	co.yiiu.pybbs.controller.admin.RoleAdminController	delete(java.lang.Integer)	0	[false]	org.apache.shiro.authz.annotation.RequiresPermissions,org.springframework.web.bind.annotation.GetMapping,org.springframework.web.bind.annotation.ResponseBody	public	true	/home/nima/Desktop/taint-docker/table4/annotator/pybbs/src/main/java/co/yiiu/pybbs/controller/admin/RoleAdminController.java
491	co.yiiu.pybbs.service.IRoleService	selectById(java.lang.Integer)	0	[false]		public	true	/home/nima/Desktop/taint-docker/table4/annotator/pybbs/src/main/java/co/yiiu/pybbs/service/IRoleService.java
492	co.yiiu.pybbs.service.IRoleService	selectAll()	0	[]		public	true	/home/nima/Desktop/taint-docker/table4/annotator/pybbs/src/main/java/co/yiiu/pybbs/service/IRoleService.java
493	co.yiiu.pybbs.service.IRoleService	insert(java.lang.String,java.lang.Integer[])	0	[false, false]		public	false	/home/nima/Desktop/taint-docker/table4/annotator/pybbs/src/main/java/co/yiiu/pybbs/service/IRoleService.java
494	co.yiiu.pybbs.service.IRoleService	update(java.lang.Integer,java.lang.String,java.lang.Integer[])	0	[false, false, false]		public	false	/home/nima/Desktop/taint-docker/table4/annotator/pybbs/src/main/java/co/yiiu/pybbs/service/IRoleService.java
495	co.yiiu.pybbs.service.IRoleService	delete(java.lang.Integer)	0	[false]		public	false	/home/nima/Desktop/taint-docker/table4/annotator/pybbs/src/main/java/co/yiiu/pybbs/service/IRoleService.java
496	co.yiiu.pybbs.service.IPermissionService	clearRolePermissionCache()	0	[]		public	false	/home/nima/Desktop/taint-docker/table4/annotator/pybbs/src/main/java/co/yiiu/pybbs/service/IPermissionService.java
497	co.yiiu.pybbs.service.IPermissionService	selectByRoleId(java.lang.Integer)	0	[false]		public	true	/home/nima/Desktop/taint-docker/table4/annotator/pybbs/src/main/java/co/yiiu/pybbs/service/IPermissionService.java
498	co.yiiu.pybbs.service.IPermissionService	selectByPid(java.lang.Integer)	0	[false]		public	true	/home/nima/Desktop/taint-docker/table4/annotator/pybbs/src/main/java/co/yiiu/pybbs/service/IPermissionService.java
499	co.yiiu.pybbs.service.IPermissionService	selectAll()	0	[]		public	true	/home/nima/Desktop/taint-docker/table4/annotator/pybbs/src/main/java/co/yiiu/pybbs/service/IPermissionService.java
500	co.yiiu.pybbs.service.IPermissionService	insert(co.yiiu.pybbs.model.Permission)	0	[false]		public	true	/home/nima/Desktop/taint-docker/table4/annotator/pybbs/src/main/java/co/yiiu/pybbs/service/IPermissionService.java
501	co.yiiu.pybbs.service.IPermissionService	update(co.yiiu.pybbs.model.Permission)	0	[false]		public	true	/home/nima/Desktop/taint-docker/table4/annotator/pybbs/src/main/java/co/yiiu/pybbs/service/IPermissionService.java
502	co.yiiu.pybbs.service.IPermissionService	delete(java.lang.Integer)	0	[false]		public	false	/home/nima/Desktop/taint-docker/table4/annotator/pybbs/src/main/java/co/yiiu/pybbs/service/IPermissionService.java
503	co.yiiu.pybbs.model.Permission	getId()	0	[]		public	true	/home/nima/Desktop/taint-docker/table4/annotator/pybbs/src/main/java/co/yiiu/pybbs/model/Permission.java
504	co.yiiu.pybbs.model.Permission	setId(java.lang.Integer)	0	[false]		public	false	/home/nima/Desktop/taint-docker/table4/annotator/pybbs/src/main/java/co/yiiu/pybbs/model/Permission.java
505	co.yiiu.pybbs.model.Permission	getName()	0	[]		public	true	/home/nima/Desktop/taint-docker/table4/annotator/pybbs/src/main/java/co/yiiu/pybbs/model/Permission.java
506	co.yiiu.pybbs.model.Permission	setName(java.lang.String)	0	[false]		public	false	/home/nima/Desktop/taint-docker/table4/annotator/pybbs/src/main/java/co/yiiu/pybbs/model/Permission.java
507	co.yiiu.pybbs.model.Permission	getValue()	0	[]		public	true	/home/nima/Desktop/taint-docker/table4/annotator/pybbs/src/main/java/co/yiiu/pybbs/model/Permission.java
508	co.yiiu.pybbs.model.Permission	setValue(java.lang.String)	0	[false]		public	false	/home/nima/Desktop/taint-docker/table4/annotator/pybbs/src/main/java/co/yiiu/pybbs/model/Permission.java
509	co.yiiu.pybbs.model.Permission	getPid()	0	[]		public	true	/home/nima/Desktop/taint-docker/table4/annotator/pybbs/src/main/java/co/yiiu/pybbs/model/Permission.java
510	co.yiiu.pybbs.model.Permission	setPid(java.lang.Integer)	0	[false]		public	false	/home/nima/Desktop/taint-docker/table4/annotator/pybbs/src/main/java/co/yiiu/pybbs/model/Permission.java
511	co.yiiu.pybbs.util.MarkdownUtil	render(java.lang.String)	0	[false]		public	true	/home/nima/Desktop/taint-docker/table4/annotator/pybbs/src/main/java/co/yiiu/pybbs/util/MarkdownUtil.java
512	co.yiiu.pybbs.util.MarkdownUtil$MyAttributeProvider	setAttributes(org.commonmark.node.Node,java.lang.String,java.util.Map)	513	[false, false, false]	java.lang.Override	public	false	/home/nima/Desktop/taint-docker/table4/annotator/pybbs/src/main/java/co/yiiu/pybbs/util/MarkdownUtil.java
514	co.yiiu.pybbs.mapper.CollectMapper	selectByUserId(co.yiiu.pybbs.util.MyPage,java.lang.Integer)	0	[false, false]		public	true	/home/nima/Desktop/taint-docker/table4/annotator/pybbs/src/main/java/co/yiiu/pybbs/mapper/CollectMapper.java
515	co.yiiu.pybbs.exception.ApiException	ApiException(java.lang.String)	0	[false]		public	false	/home/nima/Desktop/taint-docker/table4/annotator/pybbs/src/main/java/co/yiiu/pybbs/exception/ApiException.java
516	co.yiiu.pybbs.exception.ApiException	ApiException(int,java.lang.String)	0	[false, false]		public	false	/home/nima/Desktop/taint-docker/table4/annotator/pybbs/src/main/java/co/yiiu/pybbs/exception/ApiException.java
517	co.yiiu.pybbs.exception.ApiException	getCode()	0	[]		public	false	/home/nima/Desktop/taint-docker/table4/annotator/pybbs/src/main/java/co/yiiu/pybbs/exception/ApiException.java
518	co.yiiu.pybbs.exception.ApiException	setCode(int)	0	[false]		public	false	/home/nima/Desktop/taint-docker/table4/annotator/pybbs/src/main/java/co/yiiu/pybbs/exception/ApiException.java
519	co.yiiu.pybbs.exception.ApiException	getMessage()	520	[]	java.lang.Override	public	true	/home/nima/Desktop/taint-docker/table4/annotator/pybbs/src/main/java/co/yiiu/pybbs/exception/ApiException.java
521	co.yiiu.pybbs.exception.ApiException	setMessage(java.lang.String)	0	[false]		public	false	/home/nima/Desktop/taint-docker/table4/annotator/pybbs/src/main/java/co/yiiu/pybbs/exception/ApiException.java
522	co.yiiu.pybbs.service.impl.SensitiveWordService	save(co.yiiu.pybbs.model.SensitiveWord)	428	[false]	java.lang.Override	public	false	/home/nima/Desktop/taint-docker/table4/annotator/pybbs/src/main/java/co/yiiu/pybbs/service/impl/SensitiveWordService.java
523	co.yiiu.pybbs.service.impl.SensitiveWordService	update(co.yiiu.pybbs.model.SensitiveWord)	429	[false]	java.lang.Override	public	false	/home/nima/Desktop/taint-docker/table4/annotator/pybbs/src/main/java/co/yiiu/pybbs/service/impl/SensitiveWordService.java
524	co.yiiu.pybbs.service.impl.SensitiveWordService	selectAll()	430	[]	java.lang.Override	public	true	/home/nima/Desktop/taint-docker/table4/annotator/pybbs/src/main/java/co/yiiu/pybbs/service/impl/SensitiveWordService.java
525	co.yiiu.pybbs.service.impl.SensitiveWordService	deleteById(java.lang.Integer)	431	[false]	java.lang.Override	public	false	/home/nima/Desktop/taint-docker/table4/annotator/pybbs/src/main/java/co/yiiu/pybbs/service/impl/SensitiveWordService.java
526	co.yiiu.pybbs.service.impl.SensitiveWordService	page(java.lang.Integer,java.lang.String)	432	[false, false]	java.lang.Override	public	true	/home/nima/Desktop/taint-docker/table4/annotator/pybbs/src/main/java/co/yiiu/pybbs/service/impl/SensitiveWordService.java
527	co.yiiu.pybbs.service.impl.SensitiveWordService	updateWordById(java.lang.Integer,java.lang.String)	433	[false, false]	java.lang.Override	public	false	/home/nima/Desktop/taint-docker/table4/annotator/pybbs/src/main/java/co/yiiu/pybbs/service/impl/SensitiveWordService.java
528	co.yiiu.pybbs.service.impl.SensitiveWordService	selectByWord(java.lang.String)	434	[false]	java.lang.Override	public	true	/home/nima/Desktop/taint-docker/table4/annotator/pybbs/src/main/java/co/yiiu/pybbs/service/impl/SensitiveWordService.java
529	co.yiiu.pybbs.config.websocket.MessageDecoder	decode(java.lang.String)	530	[false]	java.lang.Override	public	true	/home/nima/Desktop/taint-docker/table4/annotator/pybbs/src/main/java/co/yiiu/pybbs/config/websocket/MessageDecoder.java
531	co.yiiu.pybbs.config.websocket.MessageDecoder	willDecode(java.lang.String)	532	[false]	java.lang.Override	public	false	/home/nima/Desktop/taint-docker/table4/annotator/pybbs/src/main/java/co/yiiu/pybbs/config/websocket/MessageDecoder.java
533	co.yiiu.pybbs.config.websocket.MessageDecoder	init(javax.websocket.EndpointConfig)	534	[false]	java.lang.Override	public	false	/home/nima/Desktop/taint-docker/table4/annotator/pybbs/src/main/java/co/yiiu/pybbs/config/websocket/MessageDecoder.java
535	co.yiiu.pybbs.config.websocket.MessageDecoder	destroy()	536	[]	java.lang.Override	public	false	/home/nima/Desktop/taint-docker/table4/annotator/pybbs/src/main/java/co/yiiu/pybbs/config/websocket/MessageDecoder.java
537	co.yiiu.pybbs.util.Message	Message()	0	[]		public	false	/home/nima/Desktop/taint-docker/table4/annotator/pybbs/src/main/java/co/yiiu/pybbs/util/Message.java
538	co.yiiu.pybbs.util.Message	Message(java.lang.String,java.lang.Object)	0	[false, false]		public	false	/home/nima/Desktop/taint-docker/table4/annotator/pybbs/src/main/java/co/yiiu/pybbs/util/Message.java
539	co.yiiu.pybbs.util.Message	getType()	0	[]		public	true	/home/nima/Desktop/taint-docker/table4/annotator/pybbs/src/main/java/co/yiiu/pybbs/util/Message.java
540	co.yiiu.pybbs.util.Message	setType(java.lang.String)	0	[false]		public	false	/home/nima/Desktop/taint-docker/table4/annotator/pybbs/src/main/java/co/yiiu/pybbs/util/Message.java
541	co.yiiu.pybbs.util.Message	getPayload()	0	[]		public	true	/home/nima/Desktop/taint-docker/table4/annotator/pybbs/src/main/java/co/yiiu/pybbs/util/Message.java
542	co.yiiu.pybbs.util.Message	setPayload(java.lang.Object)	0	[false]		public	false	/home/nima/Desktop/taint-docker/table4/annotator/pybbs/src/main/java/co/yiiu/pybbs/util/Message.java
543	co.yiiu.pybbs.config.SiteConfig	getDatasource_driver()	0	[]		public	true	/home/nima/Desktop/taint-docker/table4/annotator/pybbs/src/main/java/co/yiiu/pybbs/config/SiteConfig.java
544	co.yiiu.pybbs.config.SiteConfig	setDatasource_driver(java.lang.String)	0	[false]		public	false	/home/nima/Desktop/taint-docker/table4/annotator/pybbs/src/main/java/co/yiiu/pybbs/config/SiteConfig.java
545	co.yiiu.pybbs.config.SiteConfig	getDatasource_url()	0	[]		public	true	/home/nima/Desktop/taint-docker/table4/annotator/pybbs/src/main/java/co/yiiu/pybbs/config/SiteConfig.java
546	co.yiiu.pybbs.config.SiteConfig	setDatasource_url(java.lang.String)	0	[false]		public	false	/home/nima/Desktop/taint-docker/table4/annotator/pybbs/src/main/java/co/yiiu/pybbs/config/SiteConfig.java
547	co.yiiu.pybbs.config.SiteConfig	getDatasource_username()	0	[]		public	true	/home/nima/Desktop/taint-docker/table4/annotator/pybbs/src/main/java/co/yiiu/pybbs/config/SiteConfig.java
548	co.yiiu.pybbs.config.SiteConfig	setDatasource_username(java.lang.String)	0	[false]		public	false	/home/nima/Desktop/taint-docker/table4/annotator/pybbs/src/main/java/co/yiiu/pybbs/config/SiteConfig.java
549	co.yiiu.pybbs.config.SiteConfig	getDatasource_password()	0	[]		public	true	/home/nima/Desktop/taint-docker/table4/annotator/pybbs/src/main/java/co/yiiu/pybbs/config/SiteConfig.java
550	co.yiiu.pybbs.config.SiteConfig	setDatasource_password(java.lang.String)	0	[false]		public	false	/home/nima/Desktop/taint-docker/table4/annotator/pybbs/src/main/java/co/yiiu/pybbs/config/SiteConfig.java
551	co.yiiu.pybbs.exception.GlobalExceptionHandler	getStatus(javax.servlet.http.HttpServletRequest)	0	[false]		private	true	/home/nima/Desktop/taint-docker/table4/annotator/pybbs/src/main/java/co/yiiu/pybbs/exception/GlobalExceptionHandler.java
552	co.yiiu.pybbs.exception.GlobalExceptionHandler	defaultErrorHandler(javax.servlet.http.HttpServletRequest,javax.servlet.http.HttpServletResponse,java.lang.Exception)	0	[false, false, false]	org.springframework.web.bind.annotation.ExceptionHandler	public	true	/home/nima/Desktop/taint-docker/table4/annotator/pybbs/src/main/java/co/yiiu/pybbs/exception/GlobalExceptionHandler.java
553	co.yiiu.pybbs.exception.GlobalExceptionHandler	jsonErrorHandler(co.yiiu.pybbs.exception.ApiException)	0	[false]	org.springframework.web.bind.annotation.ExceptionHandler,org.springframework.web.bind.annotation.ResponseBody	public	true	/home/nima/Desktop/taint-docker/table4/annotator/pybbs/src/main/java/co/yiiu/pybbs/exception/GlobalExceptionHandler.java
554	co.yiiu.pybbs.exception.GlobalExceptionHandler	jsonErrorHandler(javax.servlet.http.HttpServletRequest,javax.servlet.http.HttpServletResponse,org.apache.shiro.authz.UnauthenticatedException)	0	[false, false, false]	org.springframework.web.bind.annotation.ExceptionHandler,org.springframework.web.bind.annotation.ResponseBody	public	true	/home/nima/Desktop/taint-docker/table4/annotator/pybbs/src/main/java/co/yiiu/pybbs/exception/GlobalExceptionHandler.java
555	co.yiiu.pybbs.exception.GlobalExceptionHandler	jsonErrorHandler(javax.servlet.http.HttpServletRequest,javax.servlet.http.HttpServletResponse,org.apache.shiro.authz.AuthorizationException)	0	[false, false, false]	org.springframework.web.bind.annotation.ExceptionHandler,org.springframework.web.bind.annotation.ResponseBody	public	true	/home/nima/Desktop/taint-docker/table4/annotator/pybbs/src/main/java/co/yiiu/pybbs/exception/GlobalExceptionHandler.java
556	co.yiiu.pybbs.plugin.ElasticSearchService	instance()	330	[]	java.lang.Override	public	true	/home/nima/Desktop/taint-docker/table4/annotator/pybbs/src/main/java/co/yiiu/pybbs/plugin/ElasticSearchService.java
557	co.yiiu.pybbs.plugin.ElasticSearchService	createIndex(java.lang.String,org.elasticsearch.common.xcontent.XContentBuilder)	0	[false, false]		public	false	/home/nima/Desktop/taint-docker/table4/annotator/pybbs/src/main/java/co/yiiu/pybbs/plugin/ElasticSearchService.java
558	co.yiiu.pybbs.plugin.ElasticSearchService	existIndex()	0	[]		public	false	/home/nima/Desktop/taint-docker/table4/annotator/pybbs/src/main/java/co/yiiu/pybbs/plugin/ElasticSearchService.java
559	co.yiiu.pybbs.plugin.ElasticSearchService	deleteIndex()	0	[]		public	false	/home/nima/Desktop/taint-docker/table4/annotator/pybbs/src/main/java/co/yiiu/pybbs/plugin/ElasticSearchService.java
560	co.yiiu.pybbs.plugin.ElasticSearchService	createDocument(java.lang.String,java.lang.String,java.util.Map)	0	[false, false, false]		public	false	/home/nima/Desktop/taint-docker/table4/annotator/pybbs/src/main/java/co/yiiu/pybbs/plugin/ElasticSearchService.java
561	co.yiiu.pybbs.plugin.ElasticSearchService	updateDocument(java.lang.String,java.lang.String,java.util.Map)	0	[false, false, false]		public	false	/home/nima/Desktop/taint-docker/table4/annotator/pybbs/src/main/java/co/yiiu/pybbs/plugin/ElasticSearchService.java
562	co.yiiu.pybbs.plugin.ElasticSearchService	deleteDocument(java.lang.String,java.lang.String)	0	[false, false]		public	false	/home/nima/Desktop/taint-docker/table4/annotator/pybbs/src/main/java/co/yiiu/pybbs/plugin/ElasticSearchService.java
563	co.yiiu.pybbs.plugin.ElasticSearchService	bulkDocument(java.lang.String,java.util.Map)	0	[false, false]		public	false	/home/nima/Desktop/taint-docker/table4/annotator/pybbs/src/main/java/co/yiiu/pybbs/plugin/ElasticSearchService.java
564	co.yiiu.pybbs.plugin.ElasticSearchService	bulkDeleteDocument(java.lang.String,java.util.List)	0	[false, false]		public	false	/home/nima/Desktop/taint-docker/table4/annotator/pybbs/src/main/java/co/yiiu/pybbs/plugin/ElasticSearchService.java
565	co.yiiu.pybbs.plugin.ElasticSearchService	searchDocument(java.lang.Integer,java.lang.Integer,java.lang.String,java.lang.String[])	0	[false, false, false, false]		public	true	/home/nima/Desktop/taint-docker/table4/annotator/pybbs/src/main/java/co/yiiu/pybbs/plugin/ElasticSearchService.java
566	co.yiiu.pybbs.config.ShiroConfig	shiroFilterFactoryBean(org.apache.shiro.web.mgt.DefaultWebSecurityManager)	0	[false]	org.springframework.context.annotation.Bean	public	true	/home/nima/Desktop/taint-docker/table4/annotator/pybbs/src/main/java/co/yiiu/pybbs/config/ShiroConfig.java
567	co.yiiu.pybbs.config.ShiroConfig	myCredentialsMatcher()	0	[]	org.springframework.context.annotation.Bean	public	true	/home/nima/Desktop/taint-docker/table4/annotator/pybbs/src/main/java/co/yiiu/pybbs/config/ShiroConfig.java
568	co.yiiu.pybbs.config.ShiroConfig	defaultWebSecurityManager()	0	[]	org.springframework.context.annotation.Bean	public	true	/home/nima/Desktop/taint-docker/table4/annotator/pybbs/src/main/java/co/yiiu/pybbs/config/ShiroConfig.java
569	co.yiiu.pybbs.config.ShiroConfig	authorizationAttributeSourceAdvisor(org.apache.shiro.web.mgt.DefaultWebSecurityManager)	0	[false]	org.springframework.context.annotation.Bean	public	true	/home/nima/Desktop/taint-docker/table4/annotator/pybbs/src/main/java/co/yiiu/pybbs/config/ShiroConfig.java
570	co.yiiu.pybbs.config.ShiroConfig	rememberMeCookie()	0	[]	org.springframework.context.annotation.Bean,org.springframework.context.annotation.DependsOn	public	true	/home/nima/Desktop/taint-docker/table4/annotator/pybbs/src/main/java/co/yiiu/pybbs/config/ShiroConfig.java
571	co.yiiu.pybbs.config.ShiroConfig	rememberMeManager()	0	[]	org.springframework.context.annotation.Bean,org.springframework.context.annotation.DependsOn	public	true	/home/nima/Desktop/taint-docker/table4/annotator/pybbs/src/main/java/co/yiiu/pybbs/config/ShiroConfig.java
572	co.yiiu.pybbs.config.ShiroConfig	formAuthenticationFilter()	0	[]	org.springframework.context.annotation.Bean	public	true	/home/nima/Desktop/taint-docker/table4/annotator/pybbs/src/main/java/co/yiiu/pybbs/config/ShiroConfig.java
573	co.yiiu.pybbs.config.ShiroConfig	defaultAdvisorAutoProxyCreator()	0	[]	org.springframework.context.annotation.Bean,org.springframework.boot.autoconfigure.condition.ConditionalOnMissingBean	public	true	/home/nima/Desktop/taint-docker/table4/annotator/pybbs/src/main/java/co/yiiu/pybbs/config/ShiroConfig.java
574	co.yiiu.pybbs.config.realm.MyShiroRealm	doGetAuthorizationInfo(org.apache.shiro.subject.PrincipalCollection)	575	[false]	java.lang.Override	protected	true	/home/nima/Desktop/taint-docker/table4/annotator/pybbs/src/main/java/co/yiiu/pybbs/config/realm/MyShiroRealm.java
576	co.yiiu.pybbs.config.realm.MyShiroRealm	doGetAuthenticationInfo(org.apache.shiro.authc.AuthenticationToken)	577	[false]	java.lang.Override	protected	true	/home/nima/Desktop/taint-docker/table4/annotator/pybbs/src/main/java/co/yiiu/pybbs/config/realm/MyShiroRealm.java
578	co.yiiu.pybbs.config.realm.MyCredentialsMatcher	doCredentialsMatch(org.apache.shiro.authc.AuthenticationToken,org.apache.shiro.authc.AuthenticationInfo)	579	[false, false]	java.lang.Override	public	false	/home/nima/Desktop/taint-docker/table4/annotator/pybbs/src/main/java/co/yiiu/pybbs/config/realm/MyCredentialsMatcher.java
580	co.yiiu.pybbs.directive.NotificationsDirective	execute(freemarker.core.Environment,java.util.Map,freemarker.template.TemplateModel[],freemarker.template.TemplateDirectiveBody)	581	[false, false, false, false]	java.lang.Override	public	false	/home/nima/Desktop/taint-docker/table4/annotator/pybbs/src/main/java/co/yiiu/pybbs/directive/NotificationsDirective.java
582	co.yiiu.pybbs.util.captcha.Streams	close(java.io.InputStream)	0	[false]		public	false	/home/nima/Desktop/taint-docker/table4/annotator/pybbs/src/main/java/co/yiiu/pybbs/util/captcha/Streams.java
583	co.yiiu.pybbs.util.captcha.Streams	close(java.io.OutputStream)	0	[false]		public	false	/home/nima/Desktop/taint-docker/table4/annotator/pybbs/src/main/java/co/yiiu/pybbs/util/captcha/Streams.java
584	co.yiiu.pybbs.plugin.SocialPlugin	getConfig(java.lang.String)	0	[false]		private	true	/home/nima/Desktop/taint-docker/table4/annotator/pybbs/src/main/java/co/yiiu/pybbs/plugin/SocialPlugin.java
585	co.yiiu.pybbs.plugin.SocialPlugin	getRequest(java.lang.String)	0	[false]		public	true	/home/nima/Desktop/taint-docker/table4/annotator/pybbs/src/main/java/co/yiiu/pybbs/plugin/SocialPlugin.java
586	co.yiiu.pybbs.plugin.SocialPlugin	getAllAvailableSocialPlatform()	0	[]		public	true	/home/nima/Desktop/taint-docker/table4/annotator/pybbs/src/main/java/co/yiiu/pybbs/plugin/SocialPlugin.java
587	co.yiiu.pybbs.controller.admin.TopicAdminController	list(java.lang.Integer,java.lang.String,java.lang.String,java.lang.String,org.springframework.ui.Model)	0	[false, false, false, false, false]	org.apache.shiro.authz.annotation.RequiresPermissions,org.springframework.web.bind.annotation.GetMapping	public	true	/home/nima/Desktop/taint-docker/table4/annotator/pybbs/src/main/java/co/yiiu/pybbs/controller/admin/TopicAdminController.java
588	co.yiiu.pybbs.controller.admin.TopicAdminController	edit(java.lang.Integer,org.springframework.ui.Model)	0	[false, false]	org.apache.shiro.authz.annotation.RequiresPermissions,org.springframework.web.bind.annotation.GetMapping	public	true	/home/nima/Desktop/taint-docker/table4/annotator/pybbs/src/main/java/co/yiiu/pybbs/controller/admin/TopicAdminController.java
589	co.yiiu.pybbs.controller.admin.TopicAdminController	update(java.lang.Integer,java.lang.String,java.lang.String,java.lang.String)	0	[false, false, false, false]	org.apache.shiro.authz.annotation.RequiresPermissions,org.springframework.web.bind.annotation.PostMapping,org.springframework.web.bind.annotation.ResponseBody	public	true	/home/nima/Desktop/taint-docker/table4/annotator/pybbs/src/main/java/co/yiiu/pybbs/controller/admin/TopicAdminController.java
590	co.yiiu.pybbs.controller.admin.TopicAdminController	good(java.lang.Integer)	0	[false]	org.apache.shiro.authz.annotation.RequiresPermissions,org.springframework.web.bind.annotation.GetMapping,org.springframework.web.bind.annotation.ResponseBody	public	true	/home/nima/Desktop/taint-docker/table4/annotator/pybbs/src/main/java/co/yiiu/pybbs/controller/admin/TopicAdminController.java
591	co.yiiu.pybbs.controller.admin.TopicAdminController	top(java.lang.Integer)	0	[false]	org.apache.shiro.authz.annotation.RequiresPermissions,org.springframework.web.bind.annotation.GetMapping,org.springframework.web.bind.annotation.ResponseBody	public	true	/home/nima/Desktop/taint-docker/table4/annotator/pybbs/src/main/java/co/yiiu/pybbs/controller/admin/TopicAdminController.java
592	co.yiiu.pybbs.controller.admin.TopicAdminController	delete(java.lang.Integer)	0	[false]	org.apache.shiro.authz.annotation.RequiresPermissions,org.springframework.web.bind.annotation.GetMapping,org.springframework.web.bind.annotation.ResponseBody	public	true	/home/nima/Desktop/taint-docker/table4/annotator/pybbs/src/main/java/co/yiiu/pybbs/controller/admin/TopicAdminController.java
593	co.yiiu.pybbs.controller.admin.TopicAdminController	index(java.lang.Integer)	0	[false]	org.apache.shiro.authz.annotation.RequiresPermissions,org.springframework.web.bind.annotation.GetMapping,org.springframework.web.bind.annotation.ResponseBody	public	true	/home/nima/Desktop/taint-docker/table4/annotator/pybbs/src/main/java/co/yiiu/pybbs/controller/admin/TopicAdminController.java
594	co.yiiu.pybbs.controller.admin.TopicAdminController	index_all()	0	[]	org.apache.shiro.authz.annotation.RequiresPermissions,org.springframework.web.bind.annotation.GetMapping,org.springframework.web.bind.annotation.ResponseBody	public	true	/home/nima/Desktop/taint-docker/table4/annotator/pybbs/src/main/java/co/yiiu/pybbs/controller/admin/TopicAdminController.java
595	co.yiiu.pybbs.controller.admin.TopicAdminController	delete_index(java.lang.String)	0	[false]	org.apache.shiro.authz.annotation.RequiresPermissions,org.springframework.web.bind.annotation.GetMapping,org.springframework.web.bind.annotation.ResponseBody	public	true	/home/nima/Desktop/taint-docker/table4/annotator/pybbs/src/main/java/co/yiiu/pybbs/controller/admin/TopicAdminController.java
596	co.yiiu.pybbs.controller.admin.TopicAdminController	delete_all_index()	0	[]	org.apache.shiro.authz.annotation.RequiresPermissions,org.springframework.web.bind.annotation.GetMapping,org.springframework.web.bind.annotation.ResponseBody	public	true	/home/nima/Desktop/taint-docker/table4/annotator/pybbs/src/main/java/co/yiiu/pybbs/controller/admin/TopicAdminController.java
597	co.yiiu.pybbs.service.IIndexedService	indexAllTopic()	0	[]		public	false	/home/nima/Desktop/taint-docker/table4/annotator/pybbs/src/main/java/co/yiiu/pybbs/service/IIndexedService.java
598	co.yiiu.pybbs.service.IIndexedService	indexTopic(java.lang.String,java.lang.String,java.lang.String)	0	[false, false, false]		public	false	/home/nima/Desktop/taint-docker/table4/annotator/pybbs/src/main/java/co/yiiu/pybbs/service/IIndexedService.java
599	co.yiiu.pybbs.service.IIndexedService	deleteTopicIndex(java.lang.String)	0	[false]		public	false	/home/nima/Desktop/taint-docker/table4/annotator/pybbs/src/main/java/co/yiiu/pybbs/service/IIndexedService.java
600	co.yiiu.pybbs.service.IIndexedService	batchDeleteIndex()	0	[]		public	false	/home/nima/Desktop/taint-docker/table4/annotator/pybbs/src/main/java/co/yiiu/pybbs/service/IIndexedService.java
601	co.yiiu.pybbs.util.IpUtil	IpUtil()	0	[]		public	false	/home/nima/Desktop/taint-docker/table4/annotator/pybbs/src/main/java/co/yiiu/pybbs/util/IpUtil.java
602	co.yiiu.pybbs.util.IpUtil	getIpAddr(javax.servlet.http.HttpServletRequest)	0	[false]		public	true	/home/nima/Desktop/taint-docker/table4/annotator/pybbs/src/main/java/co/yiiu/pybbs/util/IpUtil.java
603	co.yiiu.pybbs.util.MD5Util	MD5Util()	0	[]		private	false	/home/nima/Desktop/taint-docker/table4/annotator/pybbs/src/main/java/co/yiiu/pybbs/util/MD5Util.java
604	co.yiiu.pybbs.util.MD5Util	getMD5StringWithSalt(java.lang.String,java.lang.String)	0	[false, false]		public	true	/home/nima/Desktop/taint-docker/table4/annotator/pybbs/src/main/java/co/yiiu/pybbs/util/MD5Util.java
605	co.yiiu.pybbs.util.MD5Util	getFileMD5String(java.io.File)	0	[false]		public	true	/home/nima/Desktop/taint-docker/table4/annotator/pybbs/src/main/java/co/yiiu/pybbs/util/MD5Util.java
606	co.yiiu.pybbs.util.MD5Util	getMD5String(java.lang.String)	0	[false]		public	true	/home/nima/Desktop/taint-docker/table4/annotator/pybbs/src/main/java/co/yiiu/pybbs/util/MD5Util.java
607	co.yiiu.pybbs.util.MD5Util	getMD5String(byte[])	0	[false]		private	true	/home/nima/Desktop/taint-docker/table4/annotator/pybbs/src/main/java/co/yiiu/pybbs/util/MD5Util.java
608	co.yiiu.pybbs.util.MD5Util	bufferToHex(byte[])	0	[false]		private	true	/home/nima/Desktop/taint-docker/table4/annotator/pybbs/src/main/java/co/yiiu/pybbs/util/MD5Util.java
609	co.yiiu.pybbs.util.MD5Util	bufferToHex(byte[],int,int)	0	[false, false, false]		private	true	/home/nima/Desktop/taint-docker/table4/annotator/pybbs/src/main/java/co/yiiu/pybbs/util/MD5Util.java
610	co.yiiu.pybbs.util.MD5Util	appendHexPair(byte,java.lang.StringBuffer)	0	[false, false]		private	false	/home/nima/Desktop/taint-docker/table4/annotator/pybbs/src/main/java/co/yiiu/pybbs/util/MD5Util.java
611	co.yiiu.pybbs.util.MD5Util	hexdigest(byte[])	0	[false]		public	true	/home/nima/Desktop/taint-docker/table4/annotator/pybbs/src/main/java/co/yiiu/pybbs/util/MD5Util.java
612	co.yiiu.pybbs.service.impl.TopicService	search(java.lang.Integer,java.lang.Integer,java.lang.String)	167	[false, false, false]	java.lang.Override	public	true	/home/nima/Desktop/taint-docker/table4/annotator/pybbs/src/main/java/co/yiiu/pybbs/service/impl/TopicService.java
613	co.yiiu.pybbs.service.impl.TopicService	selectAll(java.lang.Integer,java.lang.String)	168	[false, false]	java.lang.Override	public	true	/home/nima/Desktop/taint-docker/table4/annotator/pybbs/src/main/java/co/yiiu/pybbs/service/impl/TopicService.java
614	co.yiiu.pybbs.service.impl.TopicService	selectAuthorOtherTopic(java.lang.Integer,java.lang.Integer,java.lang.Integer)	169	[false, false, false]	java.lang.Override	public	true	/home/nima/Desktop/taint-docker/table4/annotator/pybbs/src/main/java/co/yiiu/pybbs/service/impl/TopicService.java
615	co.yiiu.pybbs.service.impl.TopicService	selectByUserId(java.lang.Integer,java.lang.Integer,java.lang.Integer)	170	[false, false, false]	java.lang.Override	public	true	/home/nima/Desktop/taint-docker/table4/annotator/pybbs/src/main/java/co/yiiu/pybbs/service/impl/TopicService.java
616	co.yiiu.pybbs.service.impl.TopicService	insert(java.lang.String,java.lang.String,java.lang.String,co.yiiu.pybbs.model.User)	171	[false, false, false, false]	java.lang.Override	public	true	/home/nima/Desktop/taint-docker/table4/annotator/pybbs/src/main/java/co/yiiu/pybbs/service/impl/TopicService.java
617	co.yiiu.pybbs.service.impl.TopicService	selectById(java.lang.Integer)	172	[false]	java.lang.Override	public	true	/home/nima/Desktop/taint-docker/table4/annotator/pybbs/src/main/java/co/yiiu/pybbs/service/impl/TopicService.java
618	co.yiiu.pybbs.service.impl.TopicService	selectByTitle(java.lang.String)	173	[false]	java.lang.Override	public	true	/home/nima/Desktop/taint-docker/table4/annotator/pybbs/src/main/java/co/yiiu/pybbs/service/impl/TopicService.java
619	co.yiiu.pybbs.service.impl.TopicService	updateViewCount(co.yiiu.pybbs.model.Topic,java.lang.String)	174	[false, false]	java.lang.Override	public	true	/home/nima/Desktop/taint-docker/table4/annotator/pybbs/src/main/java/co/yiiu/pybbs/service/impl/TopicService.java
620	co.yiiu.pybbs.service.impl.TopicService	update(co.yiiu.pybbs.model.Topic,java.lang.String)	175	[false, false]	java.lang.Override	public	false	/home/nima/Desktop/taint-docker/table4/annotator/pybbs/src/main/java/co/yiiu/pybbs/service/impl/TopicService.java
621	co.yiiu.pybbs.service.impl.TopicService	delete(co.yiiu.pybbs.model.Topic)	176	[false]	java.lang.Override	public	false	/home/nima/Desktop/taint-docker/table4/annotator/pybbs/src/main/java/co/yiiu/pybbs/service/impl/TopicService.java
622	co.yiiu.pybbs.service.impl.TopicService	deleteByUserId(java.lang.Integer)	177	[false]	java.lang.Override	public	false	/home/nima/Desktop/taint-docker/table4/annotator/pybbs/src/main/java/co/yiiu/pybbs/service/impl/TopicService.java
623	co.yiiu.pybbs.service.impl.TopicService	selectAllForAdmin(java.lang.Integer,java.lang.String,java.lang.String,java.lang.String)	178	[false, false, false, false]	java.lang.Override	public	true	/home/nima/Desktop/taint-docker/table4/annotator/pybbs/src/main/java/co/yiiu/pybbs/service/impl/TopicService.java
624	co.yiiu.pybbs.service.impl.TopicService	countToday()	179	[]	java.lang.Override	public	false	/home/nima/Desktop/taint-docker/table4/annotator/pybbs/src/main/java/co/yiiu/pybbs/service/impl/TopicService.java
625	co.yiiu.pybbs.service.impl.TopicService	vote(co.yiiu.pybbs.model.Topic,co.yiiu.pybbs.model.User)	180	[false, false]	java.lang.Override	public	false	/home/nima/Desktop/taint-docker/table4/annotator/pybbs/src/main/java/co/yiiu/pybbs/service/impl/TopicService.java
626	co.yiiu.pybbs.mapper.TopicMapper	selectAll(co.yiiu.pybbs.util.MyPage,java.lang.String)	0	[false, false]		public	true	/home/nima/Desktop/taint-docker/table4/annotator/pybbs/src/main/java/co/yiiu/pybbs/mapper/TopicMapper.java
627	co.yiiu.pybbs.mapper.TopicMapper	selectByTag(co.yiiu.pybbs.util.MyPage,java.lang.String)	0	[false, false]		public	true	/home/nima/Desktop/taint-docker/table4/annotator/pybbs/src/main/java/co/yiiu/pybbs/mapper/TopicMapper.java
628	co.yiiu.pybbs.mapper.TopicMapper	selectByUserId(co.yiiu.pybbs.util.MyPage,java.lang.Integer)	0	[false, false]		public	true	/home/nima/Desktop/taint-docker/table4/annotator/pybbs/src/main/java/co/yiiu/pybbs/mapper/TopicMapper.java
629	co.yiiu.pybbs.mapper.TopicMapper	selectAllForAdmin(co.yiiu.pybbs.util.MyPage,java.lang.String,java.lang.String,java.lang.String)	0	[false, false, false, false]		public	true	/home/nima/Desktop/taint-docker/table4/annotator/pybbs/src/main/java/co/yiiu/pybbs/mapper/TopicMapper.java
630	co.yiiu.pybbs.mapper.TopicMapper	countToday()	0	[]		public	false	/home/nima/Desktop/taint-docker/table4/annotator/pybbs/src/main/java/co/yiiu/pybbs/mapper/TopicMapper.java
631	co.yiiu.pybbs.mapper.TopicMapper	search(co.yiiu.pybbs.util.MyPage,java.lang.String)	0	[false, false]		public	true	/home/nima/Desktop/taint-docker/table4/annotator/pybbs/src/main/java/co/yiiu/pybbs/mapper/TopicMapper.java
632	co.yiiu.pybbs.service.impl.IndexedService	indexAllTopic()	597	[]	java.lang.Override	public	false	/home/nima/Desktop/taint-docker/table4/annotator/pybbs/src/main/java/co/yiiu/pybbs/service/impl/IndexedService.java
633	co.yiiu.pybbs.service.impl.IndexedService	indexTopic(java.lang.String,java.lang.String,java.lang.String)	598	[false, false, false]	java.lang.Override	public	false	/home/nima/Desktop/taint-docker/table4/annotator/pybbs/src/main/java/co/yiiu/pybbs/service/impl/IndexedService.java
634	co.yiiu.pybbs.service.impl.IndexedService	deleteTopicIndex(java.lang.String)	599	[false]	java.lang.Override	public	false	/home/nima/Desktop/taint-docker/table4/annotator/pybbs/src/main/java/co/yiiu/pybbs/service/impl/IndexedService.java
635	co.yiiu.pybbs.service.impl.IndexedService	batchDeleteIndex()	600	[]	java.lang.Override	public	false	/home/nima/Desktop/taint-docker/table4/annotator/pybbs/src/main/java/co/yiiu/pybbs/service/impl/IndexedService.java
636	co.yiiu.pybbs.config.websocket.MyWebSocket	onOpen(javax.websocket.Session)	0	[false]	javax.websocket.OnOpen	public	false	/home/nima/Desktop/taint-docker/table4/annotator/pybbs/src/main/java/co/yiiu/pybbs/config/websocket/MyWebSocket.java
637	co.yiiu.pybbs.config.websocket.MyWebSocket	onClose(javax.websocket.Session)	0	[false]	javax.websocket.OnClose	public	false	/home/nima/Desktop/taint-docker/table4/annotator/pybbs/src/main/java/co/yiiu/pybbs/config/websocket/MyWebSocket.java
638	co.yiiu.pybbs.config.websocket.MyWebSocket	onMessage(co.yiiu.pybbs.util.Message,javax.websocket.Session)	0	[false, false]	javax.websocket.OnMessage	public	false	/home/nima/Desktop/taint-docker/table4/annotator/pybbs/src/main/java/co/yiiu/pybbs/config/websocket/MyWebSocket.java
639	co.yiiu.pybbs.config.websocket.MyWebSocket	bind(co.yiiu.pybbs.util.Message,javax.websocket.Session)	0	[false, false]		private	false	/home/nima/Desktop/taint-docker/table4/annotator/pybbs/src/main/java/co/yiiu/pybbs/config/websocket/MyWebSocket.java
640	co.yiiu.pybbs.config.websocket.MyWebSocket	fetchNotReadCount(co.yiiu.pybbs.util.Message,javax.websocket.Session)	0	[false, false]		private	false	/home/nima/Desktop/taint-docker/table4/annotator/pybbs/src/main/java/co/yiiu/pybbs/config/websocket/MyWebSocket.java
641	co.yiiu.pybbs.config.websocket.MyWebSocket	selectSessionByUserId(java.lang.Integer)	0	[false]		private	true	/home/nima/Desktop/taint-docker/table4/annotator/pybbs/src/main/java/co/yiiu/pybbs/config/websocket/MyWebSocket.java
642	co.yiiu.pybbs.config.websocket.MyWebSocket	emit(java.lang.Integer,co.yiiu.pybbs.util.Message)	0	[false, false]		public	false	/home/nima/Desktop/taint-docker/table4/annotator/pybbs/src/main/java/co/yiiu/pybbs/config/websocket/MyWebSocket.java
643	co.yiiu.pybbs.model.vo.UserWithWebSocketVO	UserWithWebSocketVO()	0	[]		public	false	/home/nima/Desktop/taint-docker/table4/annotator/pybbs/src/main/java/co/yiiu/pybbs/model/vo/UserWithWebSocketVO.java
644	co.yiiu.pybbs.model.vo.UserWithWebSocketVO	UserWithWebSocketVO(java.lang.String,java.lang.Integer)	0	[false, false]		public	false	/home/nima/Desktop/taint-docker/table4/annotator/pybbs/src/main/java/co/yiiu/pybbs/model/vo/UserWithWebSocketVO.java
645	co.yiiu.pybbs.model.vo.UserWithWebSocketVO	getUsername()	0	[]		public	true	/home/nima/Desktop/taint-docker/table4/annotator/pybbs/src/main/java/co/yiiu/pybbs/model/vo/UserWithWebSocketVO.java
646	co.yiiu.pybbs.model.vo.UserWithWebSocketVO	setUsername(java.lang.String)	0	[false]		public	false	/home/nima/Desktop/taint-docker/table4/annotator/pybbs/src/main/java/co/yiiu/pybbs/model/vo/UserWithWebSocketVO.java
647	co.yiiu.pybbs.model.vo.UserWithWebSocketVO	getUserId()	0	[]		public	true	/home/nima/Desktop/taint-docker/table4/annotator/pybbs/src/main/java/co/yiiu/pybbs/model/vo/UserWithWebSocketVO.java
648	co.yiiu.pybbs.model.vo.UserWithWebSocketVO	setUserId(java.lang.Integer)	0	[false]		public	false	/home/nima/Desktop/taint-docker/table4/annotator/pybbs/src/main/java/co/yiiu/pybbs/model/vo/UserWithWebSocketVO.java
649	co.yiiu.pybbs.controller.api.IndexApiController	index(java.lang.Integer,java.lang.String)	0	[false, false]	org.springframework.web.bind.annotation.GetMapping	public	true	/home/nima/Desktop/taint-docker/table4/annotator/pybbs/src/main/java/co/yiiu/pybbs/controller/api/IndexApiController.java
650	co.yiiu.pybbs.controller.api.IndexApiController	topicsByTagName(java.lang.Integer,java.lang.String)	0	[false, false]	org.springframework.web.bind.annotation.GetMapping	public	true	/home/nima/Desktop/taint-docker/table4/annotator/pybbs/src/main/java/co/yiiu/pybbs/controller/api/IndexApiController.java
651	co.yiiu.pybbs.controller.api.IndexApiController	login(java.util.Map,javax.servlet.http.HttpSession)	0	[false, false]	org.springframework.web.bind.annotation.PostMapping	public	true	/home/nima/Desktop/taint-docker/table4/annotator/pybbs/src/main/java/co/yiiu/pybbs/controller/api/IndexApiController.java
652	co.yiiu.pybbs.controller.api.IndexApiController	register(java.util.Map,javax.servlet.http.HttpSession)	0	[false, false]	org.springframework.web.bind.annotation.PostMapping	public	true	/home/nima/Desktop/taint-docker/table4/annotator/pybbs/src/main/java/co/yiiu/pybbs/controller/api/IndexApiController.java
653	co.yiiu.pybbs.controller.api.IndexApiController	sms_code(java.lang.String,java.lang.String,javax.servlet.http.HttpSession)	0	[false, false, false]	org.springframework.web.bind.annotation.GetMapping	public	true	/home/nima/Desktop/taint-docker/table4/annotator/pybbs/src/main/java/co/yiiu/pybbs/controller/api/IndexApiController.java
654	co.yiiu.pybbs.controller.api.IndexApiController	mobile_login(java.util.Map,javax.servlet.http.HttpSession)	0	[false, false]	org.springframework.web.bind.annotation.PostMapping	public	true	/home/nima/Desktop/taint-docker/table4/annotator/pybbs/src/main/java/co/yiiu/pybbs/controller/api/IndexApiController.java
655	co.yiiu.pybbs.controller.api.IndexApiController	doUserStorage(javax.servlet.http.HttpSession,co.yiiu.pybbs.model.User)	0	[false, false]		private	true	/home/nima/Desktop/taint-docker/table4/annotator/pybbs/src/main/java/co/yiiu/pybbs/controller/api/IndexApiController.java
656	co.yiiu.pybbs.controller.api.IndexApiController	tags(java.lang.Integer)	0	[false]	org.springframework.web.bind.annotation.GetMapping	public	true	/home/nima/Desktop/taint-docker/table4/annotator/pybbs/src/main/java/co/yiiu/pybbs/controller/api/IndexApiController.java
657	co.yiiu.pybbs.controller.api.IndexApiController	upload(org.springframework.web.multipart.MultipartFile[],java.lang.String,javax.servlet.http.HttpSession)	0	[false, false, false]	org.springframework.web.bind.annotation.PostMapping,org.springframework.web.bind.annotation.ResponseBody	public	true	/home/nima/Desktop/taint-docker/table4/annotator/pybbs/src/main/java/co/yiiu/pybbs/controller/api/IndexApiController.java
658	co.yiiu.pybbs.config.ServerRunner	run(java.lang.String[])	659	[false]	java.lang.Override	public	false	/home/nima/Desktop/taint-docker/table4/annotator/pybbs/src/main/java/co/yiiu/pybbs/config/ServerRunner.java
660	co.yiiu.pybbs.util.LocaleMessageSourceUtil	getMessage(java.lang.String)	0	[false]		public	true	/home/nima/Desktop/taint-docker/table4/annotator/pybbs/src/main/java/co/yiiu/pybbs/util/LocaleMessageSourceUtil.java
661	co.yiiu.pybbs.util.LocaleMessageSourceUtil	getMessage(java.lang.String,java.lang.Object[])	0	[false, false]		public	true	/home/nima/Desktop/taint-docker/table4/annotator/pybbs/src/main/java/co/yiiu/pybbs/util/LocaleMessageSourceUtil.java
662	co.yiiu.pybbs.util.LocaleMessageSourceUtil	getMessage(java.lang.String,java.lang.Object[],java.lang.String)	0	[false, false, false]		public	true	/home/nima/Desktop/taint-docker/table4/annotator/pybbs/src/main/java/co/yiiu/pybbs/util/LocaleMessageSourceUtil.java
663	co.yiiu.pybbs.controller.api.UserApiController	profile(java.lang.String)	0	[false]	org.springframework.web.bind.annotation.GetMapping	public	true	/home/nima/Desktop/taint-docker/table4/annotator/pybbs/src/main/java/co/yiiu/pybbs/controller/api/UserApiController.java
664	co.yiiu.pybbs.controller.api.UserApiController	topics(java.lang.String,java.lang.Integer)	0	[false, false]	org.springframework.web.bind.annotation.GetMapping	public	true	/home/nima/Desktop/taint-docker/table4/annotator/pybbs/src/main/java/co/yiiu/pybbs/controller/api/UserApiController.java
665	co.yiiu.pybbs.controller.api.UserApiController	comments(java.lang.String,java.lang.Integer)	0	[false, false]	org.springframework.web.bind.annotation.GetMapping	public	true	/home/nima/Desktop/taint-docker/table4/annotator/pybbs/src/main/java/co/yiiu/pybbs/controller/api/UserApiController.java
666	co.yiiu.pybbs.controller.api.UserApiController	collects(java.lang.String,java.lang.Integer)	0	[false, false]	org.springframework.web.bind.annotation.GetMapping	public	true	/home/nima/Desktop/taint-docker/table4/annotator/pybbs/src/main/java/co/yiiu/pybbs/controller/api/UserApiController.java
667	co.yiiu.pybbs.util.JsonUtil	jsonToListObject(java.lang.String,java.lang.Class)	0	[false, false]		public	true	/home/nima/Desktop/taint-docker/table4/annotator/pybbs/src/main/java/co/yiiu/pybbs/util/JsonUtil.java
668	co.yiiu.pybbs.util.JsonUtil	jsonToObject(java.lang.String,java.lang.Class)	0	[false, false]		public	true	/home/nima/Desktop/taint-docker/table4/annotator/pybbs/src/main/java/co/yiiu/pybbs/util/JsonUtil.java
669	co.yiiu.pybbs.util.JsonUtil	objectToJson(java.lang.Object)	0	[false]		public	true	/home/nima/Desktop/taint-docker/table4/annotator/pybbs/src/main/java/co/yiiu/pybbs/util/JsonUtil.java
670	co.yiiu.pybbs.config.FreemarkerConfig	setSharedVariable()	0	[]	javax.annotation.PostConstruct	public	false	/home/nima/Desktop/taint-docker/table4/annotator/pybbs/src/main/java/co/yiiu/pybbs/config/FreemarkerConfig.java
671	co.yiiu.pybbs.directive.TopicListDirective	execute(freemarker.core.Environment,java.util.Map,freemarker.template.TemplateModel[],freemarker.template.TemplateDirectiveBody)	581	[false, false, false, false]	java.lang.Override	public	false	/home/nima/Desktop/taint-docker/table4/annotator/pybbs/src/main/java/co/yiiu/pybbs/directive/TopicListDirective.java
672	co.yiiu.pybbs.directive.OtherTopicDirective	execute(freemarker.core.Environment,java.util.Map,freemarker.template.TemplateModel[],freemarker.template.TemplateDirectiveBody)	581	[false, false, false, false]	java.lang.Override	public	false	/home/nima/Desktop/taint-docker/table4/annotator/pybbs/src/main/java/co/yiiu/pybbs/directive/OtherTopicDirective.java
673	co.yiiu.pybbs.directive.ScoreDirective	execute(freemarker.core.Environment,java.util.Map,freemarker.template.TemplateModel[],freemarker.template.TemplateDirectiveBody)	581	[false, false, false, false]	java.lang.Override	public	false	/home/nima/Desktop/taint-docker/table4/annotator/pybbs/src/main/java/co/yiiu/pybbs/directive/ScoreDirective.java
674	co.yiiu.pybbs.directive.SearchDirective	execute(freemarker.core.Environment,java.util.Map,freemarker.template.TemplateModel[],freemarker.template.TemplateDirectiveBody)	581	[false, false, false, false]	java.lang.Override	public	false	/home/nima/Desktop/taint-docker/table4/annotator/pybbs/src/main/java/co/yiiu/pybbs/directive/SearchDirective.java
675	co.yiiu.pybbs.directive.TagsDirective	execute(freemarker.core.Environment,java.util.Map,freemarker.template.TemplateModel[],freemarker.template.TemplateDirectiveBody)	581	[false, false, false, false]	java.lang.Override	public	false	/home/nima/Desktop/taint-docker/table4/annotator/pybbs/src/main/java/co/yiiu/pybbs/directive/TagsDirective.java
676	co.yiiu.pybbs.directive.UserTopicsDirective	execute(freemarker.core.Environment,java.util.Map,freemarker.template.TemplateModel[],freemarker.template.TemplateDirectiveBody)	581	[false, false, false, false]	java.lang.Override	public	false	/home/nima/Desktop/taint-docker/table4/annotator/pybbs/src/main/java/co/yiiu/pybbs/directive/UserTopicsDirective.java
677	co.yiiu.pybbs.directive.UserCommentsDirective	execute(freemarker.core.Environment,java.util.Map,freemarker.template.TemplateModel[],freemarker.template.TemplateDirectiveBody)	581	[false, false, false, false]	java.lang.Override	public	false	/home/nima/Desktop/taint-docker/table4/annotator/pybbs/src/main/java/co/yiiu/pybbs/directive/UserCommentsDirective.java
678	co.yiiu.pybbs.directive.UserCollectsDirective	execute(freemarker.core.Environment,java.util.Map,freemarker.template.TemplateModel[],freemarker.template.TemplateDirectiveBody)	581	[false, false, false, false]	java.lang.Override	public	false	/home/nima/Desktop/taint-docker/table4/annotator/pybbs/src/main/java/co/yiiu/pybbs/directive/UserCollectsDirective.java
679	co.yiiu.pybbs.directive.TopicCommentsDirective	execute(freemarker.core.Environment,java.util.Map,freemarker.template.TemplateModel[],freemarker.template.TemplateDirectiveBody)	581	[false, false, false, false]	java.lang.Override	public	false	/home/nima/Desktop/taint-docker/table4/annotator/pybbs/src/main/java/co/yiiu/pybbs/directive/TopicCommentsDirective.java
680	co.yiiu.pybbs.directive.SocialDirective	execute(freemarker.core.Environment,java.util.Map,freemarker.template.TemplateModel[],freemarker.template.TemplateDirectiveBody)	581	[false, false, false, false]	java.lang.Override	public	false	/home/nima/Desktop/taint-docker/table4/annotator/pybbs/src/main/java/co/yiiu/pybbs/directive/SocialDirective.java
681	co.yiiu.pybbs.util.BaseModel	formatDate(java.util.Date)	0	[false]		public	true	/home/nima/Desktop/taint-docker/table4/annotator/pybbs/src/main/java/co/yiiu/pybbs/util/BaseModel.java
682	co.yiiu.pybbs.util.BaseModel	formatContent(java.lang.String)	0	[false]		public	true	/home/nima/Desktop/taint-docker/table4/annotator/pybbs/src/main/java/co/yiiu/pybbs/util/BaseModel.java
683	co.yiiu.pybbs.util.BaseModel	getUpIds(java.lang.String)	0	[false]		public	true	/home/nima/Desktop/taint-docker/table4/annotator/pybbs/src/main/java/co/yiiu/pybbs/util/BaseModel.java
684	co.yiiu.pybbs.util.BaseModel	isEmpty(java.lang.String)	0	[false]		public	false	/home/nima/Desktop/taint-docker/table4/annotator/pybbs/src/main/java/co/yiiu/pybbs/util/BaseModel.java
685	co.yiiu.pybbs.util.BaseModel	commentSize(java.util.List,co.yiiu.pybbs.model.User)	0	[false, false]		public	false	/home/nima/Desktop/taint-docker/table4/annotator/pybbs/src/main/java/co/yiiu/pybbs/util/BaseModel.java
686	co.yiiu.pybbs.config.ShiroTag	isAuthenticated()	0	[]		public	false	/home/nima/Desktop/taint-docker/table4/annotator/pybbs/src/main/java/co/yiiu/pybbs/config/ShiroTag.java
687	co.yiiu.pybbs.config.ShiroTag	getPrincipal()	0	[]		public	true	/home/nima/Desktop/taint-docker/table4/annotator/pybbs/src/main/java/co/yiiu/pybbs/config/ShiroTag.java
688	co.yiiu.pybbs.config.ShiroTag	hasRole(java.lang.String)	0	[false]		public	false	/home/nima/Desktop/taint-docker/table4/annotator/pybbs/src/main/java/co/yiiu/pybbs/config/ShiroTag.java
689	co.yiiu.pybbs.config.ShiroTag	hasPermission(java.lang.String)	0	[false]		public	false	/home/nima/Desktop/taint-docker/table4/annotator/pybbs/src/main/java/co/yiiu/pybbs/config/ShiroTag.java
690	co.yiiu.pybbs.config.ShiroTag	hasPermissionOr(java.lang.String[])	0	[false]		public	false	/home/nima/Desktop/taint-docker/table4/annotator/pybbs/src/main/java/co/yiiu/pybbs/config/ShiroTag.java
691	co.yiiu.pybbs.config.ShiroTag	hasPermissionAnd(java.lang.String[])	0	[false]		public	false	/home/nima/Desktop/taint-docker/table4/annotator/pybbs/src/main/java/co/yiiu/pybbs/config/ShiroTag.java
692	co.yiiu.pybbs.config.ShiroTag	hasAllPermission(java.lang.String[])	0	[false]		public	false	/home/nima/Desktop/taint-docker/table4/annotator/pybbs/src/main/java/co/yiiu/pybbs/config/ShiroTag.java
693	co.yiiu.pybbs.controller.front.OAuthController	github(java.lang.String,javax.servlet.http.HttpSession)	0	[false, false]	org.springframework.web.bind.annotation.GetMapping	public	true	/home/nima/Desktop/taint-docker/table4/annotator/pybbs/src/main/java/co/yiiu/pybbs/controller/front/OAuthController.java
694	co.yiiu.pybbs.controller.front.OAuthController	callback(java.lang.String,me.zhyd.oauth.model.AuthCallback,javax.servlet.http.HttpSession)	0	[false, false, false]	org.springframework.web.bind.annotation.GetMapping	public	true	/home/nima/Desktop/taint-docker/table4/annotator/pybbs/src/main/java/co/yiiu/pybbs/controller/front/OAuthController.java
695	co.yiiu.pybbs.controller.admin.SensitiveWordAdminController	list(java.lang.Integer,java.lang.String,org.springframework.ui.Model)	0	[false, false, false]	org.apache.shiro.authz.annotation.RequiresPermissions,org.springframework.web.bind.annotation.GetMapping	public	true	/home/nima/Desktop/taint-docker/table4/annotator/pybbs/src/main/java/co/yiiu/pybbs/controller/admin/SensitiveWordAdminController.java
696	co.yiiu.pybbs.controller.admin.SensitiveWordAdminController	add(java.lang.String)	0	[false]	org.apache.shiro.authz.annotation.RequiresPermissions,org.springframework.web.bind.annotation.PostMapping,org.springframework.web.bind.annotation.ResponseBody	public	true	/home/nima/Desktop/taint-docker/table4/annotator/pybbs/src/main/java/co/yiiu/pybbs/controller/admin/SensitiveWordAdminController.java
697	co.yiiu.pybbs.controller.admin.SensitiveWordAdminController	edit(java.lang.Integer,java.lang.String)	0	[false, false]	org.apache.shiro.authz.annotation.RequiresPermissions,org.springframework.web.bind.annotation.PostMapping,org.springframework.web.bind.annotation.ResponseBody	public	true	/home/nima/Desktop/taint-docker/table4/annotator/pybbs/src/main/java/co/yiiu/pybbs/controller/admin/SensitiveWordAdminController.java
698	co.yiiu.pybbs.controller.admin.SensitiveWordAdminController	delete(java.lang.Integer)	0	[false]	org.apache.shiro.authz.annotation.RequiresPermissions,org.springframework.web.bind.annotation.GetMapping,org.springframework.web.bind.annotation.ResponseBody	public	true	/home/nima/Desktop/taint-docker/table4/annotator/pybbs/src/main/java/co/yiiu/pybbs/controller/admin/SensitiveWordAdminController.java
699	co.yiiu.pybbs.controller.admin.SensitiveWordAdminController	_import(org.springframework.web.multipart.MultipartFile)	0	[false]	org.apache.shiro.authz.annotation.RequiresPermissions,org.springframework.web.bind.annotation.PostMapping,org.springframework.web.bind.annotation.ResponseBody	public	true	/home/nima/Desktop/taint-docker/table4/annotator/pybbs/src/main/java/co/yiiu/pybbs/controller/admin/SensitiveWordAdminController.java
700	co.yiiu.pybbs.service.impl.TopicTagService	selectByTopicId(java.lang.Integer)	476	[false]	java.lang.Override	public	true	/home/nima/Desktop/taint-docker/table4/annotator/pybbs/src/main/java/co/yiiu/pybbs/service/impl/TopicTagService.java
701	co.yiiu.pybbs.service.impl.TopicTagService	selectByTagId(java.lang.Integer)	477	[false]	java.lang.Override	public	true	/home/nima/Desktop/taint-docker/table4/annotator/pybbs/src/main/java/co/yiiu/pybbs/service/impl/TopicTagService.java
702	co.yiiu.pybbs.service.impl.TopicTagService	insertTopicTag(java.lang.Integer,java.util.List)	478	[false, false]	java.lang.Override	public	false	/home/nima/Desktop/taint-docker/table4/annotator/pybbs/src/main/java/co/yiiu/pybbs/service/impl/TopicTagService.java
703	co.yiiu.pybbs.service.impl.TopicTagService	deleteByTopicId(java.lang.Integer)	479	[false]	java.lang.Override	public	false	/home/nima/Desktop/taint-docker/table4/annotator/pybbs/src/main/java/co/yiiu/pybbs/service/impl/TopicTagService.java
704	co.yiiu.pybbs.config.websocket.MessageEncoder	encode(co.yiiu.pybbs.util.Message)	705	[false]	java.lang.Override	public	true	/home/nima/Desktop/taint-docker/table4/annotator/pybbs/src/main/java/co/yiiu/pybbs/config/websocket/MessageEncoder.java
706	co.yiiu.pybbs.config.websocket.MessageEncoder	init(javax.websocket.EndpointConfig)	707	[false]	java.lang.Override	public	false	/home/nima/Desktop/taint-docker/table4/annotator/pybbs/src/main/java/co/yiiu/pybbs/config/websocket/MessageEncoder.java
708	co.yiiu.pybbs.config.websocket.MessageEncoder	destroy()	709	[]	java.lang.Override	public	false	/home/nima/Desktop/taint-docker/table4/annotator/pybbs/src/main/java/co/yiiu/pybbs/config/websocket/MessageEncoder.java
710	co.yiiu.pybbs.mapper.AdminUserMapper	selectAll()	0	[]		public	true	/home/nima/Desktop/taint-docker/table4/annotator/pybbs/src/main/java/co/yiiu/pybbs/mapper/AdminUserMapper.java
711	co.yiiu.pybbs.config.FlywayConfig	migrate()	0	[]	javax.annotation.PostConstruct,org.springframework.context.annotation.DependsOn	public	false	/home/nima/Desktop/taint-docker/table4/annotator/pybbs/src/main/java/co/yiiu/pybbs/config/FlywayConfig.java
712	co.yiiu.pybbs.hook.UserServiceHook	selectByUsername()	0	[]	org.aspectj.lang.annotation.Pointcut	public	false	/home/nima/Desktop/taint-docker/table4/annotator/pybbs/src/main/java/co/yiiu/pybbs/hook/UserServiceHook.java
713	co.yiiu.pybbs.hook.UserServiceHook	selectByToken()	0	[]	org.aspectj.lang.annotation.Pointcut	public	false	/home/nima/Desktop/taint-docker/table4/annotator/pybbs/src/main/java/co/yiiu/pybbs/hook/UserServiceHook.java
714	co.yiiu.pybbs.hook.UserServiceHook	selectById()	0	[]	org.aspectj.lang.annotation.Pointcut	public	false	/home/nima/Desktop/taint-docker/table4/annotator/pybbs/src/main/java/co/yiiu/pybbs/hook/UserServiceHook.java
715	co.yiiu.pybbs.hook.UserServiceHook	delRedisUser()	0	[]	org.aspectj.lang.annotation.Pointcut	public	false	/home/nima/Desktop/taint-docker/table4/annotator/pybbs/src/main/java/co/yiiu/pybbs/hook/UserServiceHook.java
716	co.yiiu.pybbs.util.captcha.GifEncoder	setDelay(int)	0	[false]		public	false	/home/nima/Desktop/taint-docker/table4/annotator/pybbs/src/main/java/co/yiiu/pybbs/util/captcha/GifEncoder.java
717	co.yiiu.pybbs.util.captcha.GifEncoder	setDispose(int)	0	[false]		public	false	/home/nima/Desktop/taint-docker/table4/annotator/pybbs/src/main/java/co/yiiu/pybbs/util/captcha/GifEncoder.java
718	co.yiiu.pybbs.util.captcha.GifEncoder	setRepeat(int)	0	[false]		public	false	/home/nima/Desktop/taint-docker/table4/annotator/pybbs/src/main/java/co/yiiu/pybbs/util/captcha/GifEncoder.java
719	co.yiiu.pybbs.util.captcha.GifEncoder	setTransparent(java.awt.Color)	0	[false]		public	false	/home/nima/Desktop/taint-docker/table4/annotator/pybbs/src/main/java/co/yiiu/pybbs/util/captcha/GifEncoder.java
720	co.yiiu.pybbs.util.captcha.GifEncoder	addFrame(java.awt.image.BufferedImage)	0	[false]		public	false	/home/nima/Desktop/taint-docker/table4/annotator/pybbs/src/main/java/co/yiiu/pybbs/util/captcha/GifEncoder.java
721	co.yiiu.pybbs.util.captcha.GifEncoder	outFlush()	0	[]		public	false	/home/nima/Desktop/taint-docker/table4/annotator/pybbs/src/main/java/co/yiiu/pybbs/util/captcha/GifEncoder.java
722	co.yiiu.pybbs.util.captcha.GifEncoder	getFrameByteArray()	0	[]		public	true	/home/nima/Desktop/taint-docker/table4/annotator/pybbs/src/main/java/co/yiiu/pybbs/util/captcha/GifEncoder.java
723	co.yiiu.pybbs.util.captcha.GifEncoder	finish()	0	[]		public	false	/home/nima/Desktop/taint-docker/table4/annotator/pybbs/src/main/java/co/yiiu/pybbs/util/captcha/GifEncoder.java
724	co.yiiu.pybbs.util.captcha.GifEncoder	reset()	0	[]		public	false	/home/nima/Desktop/taint-docker/table4/annotator/pybbs/src/main/java/co/yiiu/pybbs/util/captcha/GifEncoder.java
725	co.yiiu.pybbs.util.captcha.GifEncoder	setFrameRate(float)	0	[false]		public	false	/home/nima/Desktop/taint-docker/table4/annotator/pybbs/src/main/java/co/yiiu/pybbs/util/captcha/GifEncoder.java
726	co.yiiu.pybbs.util.captcha.GifEncoder	setQuality(int)	0	[false]		public	false	/home/nima/Desktop/taint-docker/table4/annotator/pybbs/src/main/java/co/yiiu/pybbs/util/captcha/GifEncoder.java
727	co.yiiu.pybbs.util.captcha.GifEncoder	setSize(int,int)	0	[false, false]		public	false	/home/nima/Desktop/taint-docker/table4/annotator/pybbs/src/main/java/co/yiiu/pybbs/util/captcha/GifEncoder.java
728	co.yiiu.pybbs.util.captcha.GifEncoder	start(java.io.OutputStream)	0	[false]		public	false	/home/nima/Desktop/taint-docker/table4/annotator/pybbs/src/main/java/co/yiiu/pybbs/util/captcha/GifEncoder.java
729	co.yiiu.pybbs.util.captcha.GifEncoder	start(java.lang.String)	0	[false]		public	false	/home/nima/Desktop/taint-docker/table4/annotator/pybbs/src/main/java/co/yiiu/pybbs/util/captcha/GifEncoder.java
730	co.yiiu.pybbs.util.captcha.GifEncoder	analyzePixels()	0	[]		protected	false	/home/nima/Desktop/taint-docker/table4/annotator/pybbs/src/main/java/co/yiiu/pybbs/util/captcha/GifEncoder.java
731	co.yiiu.pybbs.util.captcha.GifEncoder	findClosest(java.awt.Color)	0	[false]		protected	false	/home/nima/Desktop/taint-docker/table4/annotator/pybbs/src/main/java/co/yiiu/pybbs/util/captcha/GifEncoder.java
732	co.yiiu.pybbs.util.captcha.GifEncoder	getImagePixels()	0	[]		protected	false	/home/nima/Desktop/taint-docker/table4/annotator/pybbs/src/main/java/co/yiiu/pybbs/util/captcha/GifEncoder.java
733	co.yiiu.pybbs.util.captcha.GifEncoder	writeGraphicCtrlExt()	0	[]		protected	false	/home/nima/Desktop/taint-docker/table4/annotator/pybbs/src/main/java/co/yiiu/pybbs/util/captcha/GifEncoder.java
734	co.yiiu.pybbs.util.captcha.GifEncoder	writeImageDesc()	0	[]		protected	false	/home/nima/Desktop/taint-docker/table4/annotator/pybbs/src/main/java/co/yiiu/pybbs/util/captcha/GifEncoder.java
735	co.yiiu.pybbs.util.captcha.GifEncoder	writeLSD()	0	[]		protected	false	/home/nima/Desktop/taint-docker/table4/annotator/pybbs/src/main/java/co/yiiu/pybbs/util/captcha/GifEncoder.java
736	co.yiiu.pybbs.util.captcha.GifEncoder	writeNetscapeExt()	0	[]		protected	false	/home/nima/Desktop/taint-docker/table4/annotator/pybbs/src/main/java/co/yiiu/pybbs/util/captcha/GifEncoder.java
737	co.yiiu.pybbs.util.captcha.GifEncoder	writePalette()	0	[]		protected	false	/home/nima/Desktop/taint-docker/table4/annotator/pybbs/src/main/java/co/yiiu/pybbs/util/captcha/GifEncoder.java
738	co.yiiu.pybbs.util.captcha.GifEncoder	writePixels()	0	[]		protected	false	/home/nima/Desktop/taint-docker/table4/annotator/pybbs/src/main/java/co/yiiu/pybbs/util/captcha/GifEncoder.java
739	co.yiiu.pybbs.util.captcha.GifEncoder	writeShort(int)	0	[false]		protected	false	/home/nima/Desktop/taint-docker/table4/annotator/pybbs/src/main/java/co/yiiu/pybbs/util/captcha/GifEncoder.java
740	co.yiiu.pybbs.util.captcha.GifEncoder	writeString(java.lang.String)	0	[false]		protected	false	/home/nima/Desktop/taint-docker/table4/annotator/pybbs/src/main/java/co/yiiu/pybbs/util/captcha/GifEncoder.java
741	co.yiiu.pybbs.service.impl.CommentService	selectByTopicId(java.lang.Integer)	181	[false]	java.lang.Override	public	true	/home/nima/Desktop/taint-docker/table4/annotator/pybbs/src/main/java/co/yiiu/pybbs/service/impl/CommentService.java
742	co.yiiu.pybbs.service.impl.CommentService	deleteByTopicId(java.lang.Integer)	182	[false]	java.lang.Override	public	false	/home/nima/Desktop/taint-docker/table4/annotator/pybbs/src/main/java/co/yiiu/pybbs/service/impl/CommentService.java
743	co.yiiu.pybbs.service.impl.CommentService	deleteByUserId(java.lang.Integer)	183	[false]	java.lang.Override	public	false	/home/nima/Desktop/taint-docker/table4/annotator/pybbs/src/main/java/co/yiiu/pybbs/service/impl/CommentService.java
744	co.yiiu.pybbs.service.impl.CommentService	insert(co.yiiu.pybbs.model.Comment,co.yiiu.pybbs.model.Topic,co.yiiu.pybbs.model.User)	184	[false, false, false]	java.lang.Override	public	true	/home/nima/Desktop/taint-docker/table4/annotator/pybbs/src/main/java/co/yiiu/pybbs/service/impl/CommentService.java
745	co.yiiu.pybbs.service.impl.CommentService	selectById(java.lang.Integer)	185	[false]	java.lang.Override	public	true	/home/nima/Desktop/taint-docker/table4/annotator/pybbs/src/main/java/co/yiiu/pybbs/service/impl/CommentService.java
746	co.yiiu.pybbs.service.impl.CommentService	selectByTgMessageId(java.lang.Integer)	186	[false]	java.lang.Override	public	true	/home/nima/Desktop/taint-docker/table4/annotator/pybbs/src/main/java/co/yiiu/pybbs/service/impl/CommentService.java
747	co.yiiu.pybbs.service.impl.CommentService	update(co.yiiu.pybbs.model.Comment)	187	[false]	java.lang.Override	public	false	/home/nima/Desktop/taint-docker/table4/annotator/pybbs/src/main/java/co/yiiu/pybbs/service/impl/CommentService.java
748	co.yiiu.pybbs.service.impl.CommentService	vote(co.yiiu.pybbs.model.Comment,co.yiiu.pybbs.model.User)	188	[false, false]	java.lang.Override	public	false	/home/nima/Desktop/taint-docker/table4/annotator/pybbs/src/main/java/co/yiiu/pybbs/service/impl/CommentService.java
749	co.yiiu.pybbs.service.impl.CommentService	delete(co.yiiu.pybbs.model.Comment)	189	[false]	java.lang.Override	public	false	/home/nima/Desktop/taint-docker/table4/annotator/pybbs/src/main/java/co/yiiu/pybbs/service/impl/CommentService.java
750	co.yiiu.pybbs.service.impl.CommentService	selectByUserId(java.lang.Integer,java.lang.Integer,java.lang.Integer)	190	[false, false, false]	java.lang.Override	public	true	/home/nima/Desktop/taint-docker/table4/annotator/pybbs/src/main/java/co/yiiu/pybbs/service/impl/CommentService.java
751	co.yiiu.pybbs.service.impl.CommentService	selectAllForAdmin(java.lang.Integer,java.lang.String,java.lang.String,java.lang.String)	191	[false, false, false, false]	java.lang.Override	public	true	/home/nima/Desktop/taint-docker/table4/annotator/pybbs/src/main/java/co/yiiu/pybbs/service/impl/CommentService.java
752	co.yiiu.pybbs.service.impl.CommentService	countToday()	192	[]	java.lang.Override	public	false	/home/nima/Desktop/taint-docker/table4/annotator/pybbs/src/main/java/co/yiiu/pybbs/service/impl/CommentService.java
753	co.yiiu.pybbs.mapper.CommentMapper	selectByTopicId(java.lang.Integer)	0	[false]		public	true	/home/nima/Desktop/taint-docker/table4/annotator/pybbs/src/main/java/co/yiiu/pybbs/mapper/CommentMapper.java
754	co.yiiu.pybbs.mapper.CommentMapper	selectByUserId(co.yiiu.pybbs.util.MyPage,java.lang.Integer)	0	[false, false]		public	true	/home/nima/Desktop/taint-docker/table4/annotator/pybbs/src/main/java/co/yiiu/pybbs/mapper/CommentMapper.java
755	co.yiiu.pybbs.mapper.CommentMapper	selectAllForAdmin(co.yiiu.pybbs.util.MyPage,java.lang.String,java.lang.String,java.lang.String)	0	[false, false, false, false]		public	true	/home/nima/Desktop/taint-docker/table4/annotator/pybbs/src/main/java/co/yiiu/pybbs/mapper/CommentMapper.java
756	co.yiiu.pybbs.mapper.CommentMapper	countToday()	0	[]		public	false	/home/nima/Desktop/taint-docker/table4/annotator/pybbs/src/main/java/co/yiiu/pybbs/mapper/CommentMapper.java
757	co.yiiu.pybbs.config.service.TelegramBotService	TelegramBotService()	0	[]		private	false	/home/nima/Desktop/taint-docker/table4/annotator/pybbs/src/main/java/co/yiiu/pybbs/config/service/TelegramBotService.java
758	co.yiiu.pybbs.config.service.TelegramBotService	init()	0	[]		public	true	/home/nima/Desktop/taint-docker/table4/annotator/pybbs/src/main/java/co/yiiu/pybbs/config/service/TelegramBotService.java
759	co.yiiu.pybbs.config.service.TelegramBotService	getStyle()	0	[]		private	true	/home/nima/Desktop/taint-docker/table4/annotator/pybbs/src/main/java/co/yiiu/pybbs/config/service/TelegramBotService.java
760	co.yiiu.pybbs.config.service.TelegramBotService	sendMessage(java.lang.String,boolean,java.lang.Integer)	0	[false, false, false]		public	true	/home/nima/Desktop/taint-docker/table4/annotator/pybbs/src/main/java/co/yiiu/pybbs/config/service/TelegramBotService.java
761	co.yiiu.pybbs.config.service.TelegramBotService	setWebHook(java.util.Map)	0	[false]		public	false	/home/nima/Desktop/taint-docker/table4/annotator/pybbs/src/main/java/co/yiiu/pybbs/config/service/TelegramBotService.java
762	co.yiiu.pybbs.plugin.RedisService	setJedis(redis.clients.jedis.JedisPool)	0	[false]		public	false	/home/nima/Desktop/taint-docker/table4/annotator/pybbs/src/main/java/co/yiiu/pybbs/plugin/RedisService.java
763	co.yiiu.pybbs.plugin.RedisService	instance()	330	[]		public	true	/home/nima/Desktop/taint-docker/table4/annotator/pybbs/src/main/java/co/yiiu/pybbs/plugin/RedisService.java
764	co.yiiu.pybbs.plugin.RedisService	isRedisConfig()	0	[]		public	false	/home/nima/Desktop/taint-docker/table4/annotator/pybbs/src/main/java/co/yiiu/pybbs/plugin/RedisService.java
765	co.yiiu.pybbs.plugin.RedisService	getString(java.lang.String)	0	[false]		public	true	/home/nima/Desktop/taint-docker/table4/annotator/pybbs/src/main/java/co/yiiu/pybbs/plugin/RedisService.java
766	co.yiiu.pybbs.plugin.RedisService	setString(java.lang.String,java.lang.String)	0	[false, false]		public	false	/home/nima/Desktop/taint-docker/table4/annotator/pybbs/src/main/java/co/yiiu/pybbs/plugin/RedisService.java
767	co.yiiu.pybbs.plugin.RedisService	setString(java.lang.String,java.lang.String,int)	0	[false, false, false]		public	false	/home/nima/Desktop/taint-docker/table4/annotator/pybbs/src/main/java/co/yiiu/pybbs/plugin/RedisService.java
768	co.yiiu.pybbs.plugin.RedisService	delString(java.lang.String)	0	[false]		public	false	/home/nima/Desktop/taint-docker/table4/annotator/pybbs/src/main/java/co/yiiu/pybbs/plugin/RedisService.java
769	co.yiiu.pybbs.service.impl.PermissionService	clearRolePermissionCache()	496	[]		public	false	/home/nima/Desktop/taint-docker/table4/annotator/pybbs/src/main/java/co/yiiu/pybbs/service/impl/PermissionService.java
770	co.yiiu.pybbs.service.impl.PermissionService	selectByRoleId(java.lang.Integer)	497	[false]	java.lang.Override	public	true	/home/nima/Desktop/taint-docker/table4/annotator/pybbs/src/main/java/co/yiiu/pybbs/service/impl/PermissionService.java
771	co.yiiu.pybbs.service.impl.PermissionService	selectByPid(java.lang.Integer)	498	[false]	java.lang.Override	public	true	/home/nima/Desktop/taint-docker/table4/annotator/pybbs/src/main/java/co/yiiu/pybbs/service/impl/PermissionService.java
772	co.yiiu.pybbs.service.impl.PermissionService	selectAll()	499	[]	java.lang.Override	public	true	/home/nima/Desktop/taint-docker/table4/annotator/pybbs/src/main/java/co/yiiu/pybbs/service/impl/PermissionService.java
773	co.yiiu.pybbs.service.impl.PermissionService	insert(co.yiiu.pybbs.model.Permission)	500	[false]	java.lang.Override	public	true	/home/nima/Desktop/taint-docker/table4/annotator/pybbs/src/main/java/co/yiiu/pybbs/service/impl/PermissionService.java
774	co.yiiu.pybbs.service.impl.PermissionService	update(co.yiiu.pybbs.model.Permission)	501	[false]	java.lang.Override	public	true	/home/nima/Desktop/taint-docker/table4/annotator/pybbs/src/main/java/co/yiiu/pybbs/service/impl/PermissionService.java
775	co.yiiu.pybbs.service.impl.PermissionService	delete(java.lang.Integer)	502	[false]	java.lang.Override	public	false	/home/nima/Desktop/taint-docker/table4/annotator/pybbs/src/main/java/co/yiiu/pybbs/service/impl/PermissionService.java
776	co.yiiu.pybbs.service.impl.PermissionService	clearPermissionsCache()	0	[]		private	false	/home/nima/Desktop/taint-docker/table4/annotator/pybbs/src/main/java/co/yiiu/pybbs/service/impl/PermissionService.java
777	co.yiiu.pybbs.service.IRolePermissionService	selectByRoleId(java.lang.Integer)	0	[false]		public	true	/home/nima/Desktop/taint-docker/table4/annotator/pybbs/src/main/java/co/yiiu/pybbs/service/IRolePermissionService.java
778	co.yiiu.pybbs.service.IRolePermissionService	deleteByRoleId(java.lang.Integer)	0	[false]		public	false	/home/nima/Desktop/taint-docker/table4/annotator/pybbs/src/main/java/co/yiiu/pybbs/service/IRolePermissionService.java
779	co.yiiu.pybbs.service.IRolePermissionService	deleteByPermissionId(java.lang.Integer)	0	[false]		public	false	/home/nima/Desktop/taint-docker/table4/annotator/pybbs/src/main/java/co/yiiu/pybbs/service/IRolePermissionService.java
780	co.yiiu.pybbs.service.IRolePermissionService	insert(co.yiiu.pybbs.model.RolePermission)	0	[false]		public	false	/home/nima/Desktop/taint-docker/table4/annotator/pybbs/src/main/java/co/yiiu/pybbs/service/IRolePermissionService.java
781	co.yiiu.pybbs.model.RolePermission	getRoleId()	0	[]		public	true	/home/nima/Desktop/taint-docker/table4/annotator/pybbs/src/main/java/co/yiiu/pybbs/model/RolePermission.java
782	co.yiiu.pybbs.model.RolePermission	setRoleId(java.lang.Integer)	0	[false]		public	false	/home/nima/Desktop/taint-docker/table4/annotator/pybbs/src/main/java/co/yiiu/pybbs/model/RolePermission.java
783	co.yiiu.pybbs.model.RolePermission	getPermissionId()	0	[]		public	true	/home/nima/Desktop/taint-docker/table4/annotator/pybbs/src/main/java/co/yiiu/pybbs/model/RolePermission.java
784	co.yiiu.pybbs.model.RolePermission	setPermissionId(java.lang.Integer)	0	[false]		public	false	/home/nima/Desktop/taint-docker/table4/annotator/pybbs/src/main/java/co/yiiu/pybbs/model/RolePermission.java
785	co.yiiu.pybbs.config.RestTemplateConfig	init()	0	[]	javax.annotation.PostConstruct	public	false	/home/nima/Desktop/taint-docker/table4/annotator/pybbs/src/main/java/co/yiiu/pybbs/config/RestTemplateConfig.java
786	co.yiiu.pybbs.config.RestTemplateConfig	restTemplate()	0	[]	org.springframework.context.annotation.Bean	public	true	/home/nima/Desktop/taint-docker/table4/annotator/pybbs/src/main/java/co/yiiu/pybbs/config/RestTemplateConfig.java
787	co.yiiu.pybbs.controller.front.CommonController	captcha(javax.servlet.http.HttpServletResponse,javax.servlet.http.HttpSession)	0	[false, false]	org.springframework.web.bind.annotation.GetMapping	public	false	/home/nima/Desktop/taint-docker/table4/annotator/pybbs/src/main/java/co/yiiu/pybbs/controller/front/CommonController.java
788	co.yiiu.pybbs.controller.front.CommonController	showOssImg(java.lang.String)	0	[false]	org.springframework.web.bind.annotation.GetMapping	public	true	/home/nima/Desktop/taint-docker/table4/annotator/pybbs/src/main/java/co/yiiu/pybbs/controller/front/CommonController.java
789	co.yiiu.pybbs.plugin.ElasticSearchPlugin	search(org.aspectj.lang.ProceedingJoinPoint)	0	[false]	org.aspectj.lang.annotation.Around	public	true	/home/nima/Desktop/taint-docker/table4/annotator/pybbs/src/main/java/co/yiiu/pybbs/plugin/ElasticSearchPlugin.java
790	co.yiiu.pybbs.plugin.ElasticSearchPlugin	indexAllTopic()	0	[]	org.aspectj.lang.annotation.After	public	false	/home/nima/Desktop/taint-docker/table4/annotator/pybbs/src/main/java/co/yiiu/pybbs/plugin/ElasticSearchPlugin.java
791	co.yiiu.pybbs.plugin.ElasticSearchPlugin	indexTopic(org.aspectj.lang.JoinPoint)	0	[false]	org.aspectj.lang.annotation.After	public	false	/home/nima/Desktop/taint-docker/table4/annotator/pybbs/src/main/java/co/yiiu/pybbs/plugin/ElasticSearchPlugin.java
792	co.yiiu.pybbs.plugin.ElasticSearchPlugin	deleteTopicIndex(org.aspectj.lang.JoinPoint)	0	[false]	org.aspectj.lang.annotation.After	public	false	/home/nima/Desktop/taint-docker/table4/annotator/pybbs/src/main/java/co/yiiu/pybbs/plugin/ElasticSearchPlugin.java
793	co.yiiu.pybbs.plugin.ElasticSearchPlugin	batchDeleteIndex(org.aspectj.lang.JoinPoint)	0	[false]	org.aspectj.lang.annotation.After	public	false	/home/nima/Desktop/taint-docker/table4/annotator/pybbs/src/main/java/co/yiiu/pybbs/plugin/ElasticSearchPlugin.java
794	co.yiiu.pybbs.util.identicon.generator.impl.DefaultGenerator	getBooleanValueArray(java.lang.String)	229	[false]	java.lang.Override	public	true	/home/nima/Desktop/taint-docker/table4/annotator/pybbs/src/main/java/co/yiiu/pybbs/util/identicon/generator/impl/DefaultGenerator.java
795	co.yiiu.pybbs.util.identicon.generator.impl.DefaultGenerator	getBackgroundColor()	230	[]	java.lang.Override	public	true	/home/nima/Desktop/taint-docker/table4/annotator/pybbs/src/main/java/co/yiiu/pybbs/util/identicon/generator/impl/DefaultGenerator.java
796	co.yiiu.pybbs.util.identicon.generator.impl.DefaultGenerator	getForegroundColor()	231	[]	java.lang.Override	public	true	/home/nima/Desktop/taint-docker/table4/annotator/pybbs/src/main/java/co/yiiu/pybbs/util/identicon/generator/impl/DefaultGenerator.java
797	co.yiiu.pybbs.PybbsApplication	main(java.lang.String[])	0	[false]		public	false	/home/nima/Desktop/taint-docker/table4/annotator/pybbs/src/main/java/co/yiiu/pybbs/PybbsApplication.java
798	co.yiiu.pybbs.hook.TopicServiceHook	search()	0	[]	org.aspectj.lang.annotation.Pointcut	public	false	/home/nima/Desktop/taint-docker/table4/annotator/pybbs/src/main/java/co/yiiu/pybbs/hook/TopicServiceHook.java
799	co.yiiu.pybbs.hook.TopicServiceHook	selectById()	0	[]	org.aspectj.lang.annotation.Pointcut	public	false	/home/nima/Desktop/taint-docker/table4/annotator/pybbs/src/main/java/co/yiiu/pybbs/hook/TopicServiceHook.java
800	co.yiiu.pybbs.hook.TopicServiceHook	update()	0	[]	org.aspectj.lang.annotation.Pointcut	public	false	/home/nima/Desktop/taint-docker/table4/annotator/pybbs/src/main/java/co/yiiu/pybbs/hook/TopicServiceHook.java
801	co.yiiu.pybbs.hook.TopicServiceHook	vote()	0	[]	org.aspectj.lang.annotation.Pointcut	public	false	/home/nima/Desktop/taint-docker/table4/annotator/pybbs/src/main/java/co/yiiu/pybbs/hook/TopicServiceHook.java
802	co.yiiu.pybbs.hook.TopicServiceHook	updateViewCount()	0	[]	org.aspectj.lang.annotation.Pointcut	public	false	/home/nima/Desktop/taint-docker/table4/annotator/pybbs/src/main/java/co/yiiu/pybbs/hook/TopicServiceHook.java
803	co.yiiu.pybbs.util.HttpUtil	isApiRequest(javax.servlet.http.HttpServletRequest)	0	[false]		public	false	/home/nima/Desktop/taint-docker/table4/annotator/pybbs/src/main/java/co/yiiu/pybbs/util/HttpUtil.java
804	co.yiiu.pybbs.util.HttpUtil	responseWrite(javax.servlet.http.HttpServletRequest,javax.servlet.http.HttpServletResponse)	0	[false, false]		public	false	/home/nima/Desktop/taint-docker/table4/annotator/pybbs/src/main/java/co/yiiu/pybbs/util/HttpUtil.java
805	co.yiiu.pybbs.util.captcha.Randoms	num(int,int)	0	[false, false]		public	false	/home/nima/Desktop/taint-docker/table4/annotator/pybbs/src/main/java/co/yiiu/pybbs/util/captcha/Randoms.java
806	co.yiiu.pybbs.util.captcha.Randoms	num(int)	0	[false]		public	false	/home/nima/Desktop/taint-docker/table4/annotator/pybbs/src/main/java/co/yiiu/pybbs/util/captcha/Randoms.java
807	co.yiiu.pybbs.util.captcha.Randoms	alpha()	0	[]		public	false	/home/nima/Desktop/taint-docker/table4/annotator/pybbs/src/main/java/co/yiiu/pybbs/util/captcha/Randoms.java
808	co.yiiu.pybbs.util.captcha.Captcha	alphas()	0	[]		protected	true	/home/nima/Desktop/taint-docker/table4/annotator/pybbs/src/main/java/co/yiiu/pybbs/util/captcha/Captcha.java
809	co.yiiu.pybbs.util.captcha.Captcha	getFont()	0	[]		public	true	/home/nima/Desktop/taint-docker/table4/annotator/pybbs/src/main/java/co/yiiu/pybbs/util/captcha/Captcha.java
810	co.yiiu.pybbs.util.captcha.Captcha	setFont(java.awt.Font)	0	[false]		public	false	/home/nima/Desktop/taint-docker/table4/annotator/pybbs/src/main/java/co/yiiu/pybbs/util/captcha/Captcha.java
811	co.yiiu.pybbs.util.captcha.Captcha	getLen()	0	[]		public	false	/home/nima/Desktop/taint-docker/table4/annotator/pybbs/src/main/java/co/yiiu/pybbs/util/captcha/Captcha.java
812	co.yiiu.pybbs.util.captcha.Captcha	setLen(int)	0	[false]		public	false	/home/nima/Desktop/taint-docker/table4/annotator/pybbs/src/main/java/co/yiiu/pybbs/util/captcha/Captcha.java
813	co.yiiu.pybbs.util.captcha.Captcha	getWidth()	0	[]		public	false	/home/nima/Desktop/taint-docker/table4/annotator/pybbs/src/main/java/co/yiiu/pybbs/util/captcha/Captcha.java
814	co.yiiu.pybbs.util.captcha.Captcha	setWidth(int)	0	[false]		public	false	/home/nima/Desktop/taint-docker/table4/annotator/pybbs/src/main/java/co/yiiu/pybbs/util/captcha/Captcha.java
815	co.yiiu.pybbs.util.captcha.Captcha	getHeight()	0	[]		public	false	/home/nima/Desktop/taint-docker/table4/annotator/pybbs/src/main/java/co/yiiu/pybbs/util/captcha/Captcha.java
816	co.yiiu.pybbs.util.captcha.Captcha	setHeight(int)	0	[false]		public	false	/home/nima/Desktop/taint-docker/table4/annotator/pybbs/src/main/java/co/yiiu/pybbs/util/captcha/Captcha.java
817	co.yiiu.pybbs.util.captcha.Captcha	color(int,int)	0	[false, false]		protected	true	/home/nima/Desktop/taint-docker/table4/annotator/pybbs/src/main/java/co/yiiu/pybbs/util/captcha/Captcha.java
818	co.yiiu.pybbs.util.captcha.Captcha	out(java.io.OutputStream)	0	[false]		public	false	/home/nima/Desktop/taint-docker/table4/annotator/pybbs/src/main/java/co/yiiu/pybbs/util/captcha/Captcha.java
819	co.yiiu.pybbs.util.captcha.Captcha	text()	0	[]		public	true	/home/nima/Desktop/taint-docker/table4/annotator/pybbs/src/main/java/co/yiiu/pybbs/util/captcha/Captcha.java
820	co.yiiu.pybbs.controller.front.IndexController	index(java.lang.String,java.lang.Integer,java.lang.Boolean,org.springframework.ui.Model)	0	[false, false, false, false]	org.springframework.web.bind.annotation.GetMapping	public	true	/home/nima/Desktop/taint-docker/table4/annotator/pybbs/src/main/java/co/yiiu/pybbs/controller/front/IndexController.java
821	co.yiiu.pybbs.controller.front.IndexController	top100()	0	[]	org.springframework.web.bind.annotation.GetMapping	public	true	/home/nima/Desktop/taint-docker/table4/annotator/pybbs/src/main/java/co/yiiu/pybbs/controller/front/IndexController.java
822	co.yiiu.pybbs.controller.front.IndexController	settings(javax.servlet.http.HttpSession,org.springframework.ui.Model)	0	[false, false]	org.springframework.web.bind.annotation.GetMapping	public	true	/home/nima/Desktop/taint-docker/table4/annotator/pybbs/src/main/java/co/yiiu/pybbs/controller/front/IndexController.java
823	co.yiiu.pybbs.controller.front.IndexController	tags(java.lang.Integer,org.springframework.ui.Model)	0	[false, false]	org.springframework.web.bind.annotation.GetMapping	public	true	/home/nima/Desktop/taint-docker/table4/annotator/pybbs/src/main/java/co/yiiu/pybbs/controller/front/IndexController.java
824	co.yiiu.pybbs.controller.front.IndexController	login()	0	[]	org.springframework.web.bind.annotation.GetMapping	public	true	/home/nima/Desktop/taint-docker/table4/annotator/pybbs/src/main/java/co/yiiu/pybbs/controller/front/IndexController.java
825	co.yiiu.pybbs.controller.front.IndexController	register()	0	[]	org.springframework.web.bind.annotation.GetMapping	public	true	/home/nima/Desktop/taint-docker/table4/annotator/pybbs/src/main/java/co/yiiu/pybbs/controller/front/IndexController.java
826	co.yiiu.pybbs.controller.front.IndexController	notifications()	0	[]	org.springframework.web.bind.annotation.GetMapping	public	true	/home/nima/Desktop/taint-docker/table4/annotator/pybbs/src/main/java/co/yiiu/pybbs/controller/front/IndexController.java
827	co.yiiu.pybbs.controller.front.IndexController	logout(javax.servlet.http.HttpSession)	0	[false]	org.springframework.web.bind.annotation.GetMapping	public	true	/home/nima/Desktop/taint-docker/table4/annotator/pybbs/src/main/java/co/yiiu/pybbs/controller/front/IndexController.java
828	co.yiiu.pybbs.controller.front.IndexController	search(java.lang.Integer,java.lang.String,org.springframework.ui.Model)	0	[false, false, false]	org.springframework.web.bind.annotation.GetMapping	public	true	/home/nima/Desktop/taint-docker/table4/annotator/pybbs/src/main/java/co/yiiu/pybbs/controller/front/IndexController.java
829	co.yiiu.pybbs.controller.front.IndexController	changeLanguage(java.lang.String,javax.servlet.http.HttpSession,javax.servlet.http.HttpServletRequest)	0	[false, false, false]	org.springframework.web.bind.annotation.GetMapping	public	true	/home/nima/Desktop/taint-docker/table4/annotator/pybbs/src/main/java/co/yiiu/pybbs/controller/front/IndexController.java
830	co.yiiu.pybbs.controller.front.IndexController	active(java.lang.String,java.lang.String)	0	[false, false]	org.springframework.web.bind.annotation.GetMapping	public	true	/home/nima/Desktop/taint-docker/table4/annotator/pybbs/src/main/java/co/yiiu/pybbs/controller/front/IndexController.java
831	co.yiiu.pybbs.controller.api.TopicApiController	detail(java.lang.Integer,javax.servlet.http.HttpServletRequest)	0	[false, false]	org.springframework.web.bind.annotation.GetMapping	public	true	/home/nima/Desktop/taint-docker/table4/annotator/pybbs/src/main/java/co/yiiu/pybbs/controller/api/TopicApiController.java
832	co.yiiu.pybbs.controller.api.TopicApiController	create(java.util.Map)	0	[false]	org.springframework.web.bind.annotation.PostMapping	public	true	/home/nima/Desktop/taint-docker/table4/annotator/pybbs/src/main/java/co/yiiu/pybbs/controller/api/TopicApiController.java
833	co.yiiu.pybbs.controller.api.TopicApiController	edit(java.lang.Integer,java.util.Map)	0	[false, false]	org.springframework.web.bind.annotation.PutMapping	public	true	/home/nima/Desktop/taint-docker/table4/annotator/pybbs/src/main/java/co/yiiu/pybbs/controller/api/TopicApiController.java
834	co.yiiu.pybbs.controller.api.TopicApiController	delete(java.lang.Integer)	0	[false]	org.springframework.web.bind.annotation.DeleteMapping	public	true	/home/nima/Desktop/taint-docker/table4/annotator/pybbs/src/main/java/co/yiiu/pybbs/controller/api/TopicApiController.java
835	co.yiiu.pybbs.controller.api.TopicApiController	vote(java.lang.Integer)	0	[false]	org.springframework.web.bind.annotation.GetMapping	public	true	/home/nima/Desktop/taint-docker/table4/annotator/pybbs/src/main/java/co/yiiu/pybbs/controller/api/TopicApiController.java
836	co.yiiu.pybbs.config.DataSourceConfig	instance()	0	[]		public	true	/home/nima/Desktop/taint-docker/table4/annotator/pybbs/src/main/java/co/yiiu/pybbs/config/DataSourceConfig.java
837	co.yiiu.pybbs.config.DataSourceConfig	dataSource()	0	[]	org.springframework.context.annotation.Bean,org.springframework.context.annotation.DependsOn	public	true	/home/nima/Desktop/taint-docker/table4/annotator/pybbs/src/main/java/co/yiiu/pybbs/config/DataSourceConfig.java
838	co.yiiu.pybbs.mapper.NotificationMapper	selectByUserId(java.lang.Integer,java.lang.Boolean,java.lang.Integer)	0	[false, false, false]		public	true	/home/nima/Desktop/taint-docker/table4/annotator/pybbs/src/main/java/co/yiiu/pybbs/mapper/NotificationMapper.java
839	co.yiiu.pybbs.mapper.NotificationMapper	countNotRead(java.lang.Integer)	0	[false]	org.apache.ibatis.annotations.Select	public	false	/home/nima/Desktop/taint-docker/table4/annotator/pybbs/src/main/java/co/yiiu/pybbs/mapper/NotificationMapper.java
840	co.yiiu.pybbs.mapper.NotificationMapper	updateNotificationStatus(java.lang.Integer)	0	[false]	org.apache.ibatis.annotations.Update	public	false	/home/nima/Desktop/taint-docker/table4/annotator/pybbs/src/main/java/co/yiiu/pybbs/mapper/NotificationMapper.java
841	co.yiiu.pybbs.model.Notification	getContent()	0	[]		public	true	/home/nima/Desktop/taint-docker/table4/annotator/pybbs/src/main/java/co/yiiu/pybbs/model/Notification.java
842	co.yiiu.pybbs.model.Notification	setContent(java.lang.String)	0	[false]		public	false	/home/nima/Desktop/taint-docker/table4/annotator/pybbs/src/main/java/co/yiiu/pybbs/model/Notification.java
843	co.yiiu.pybbs.model.Notification	getId()	0	[]		public	true	/home/nima/Desktop/taint-docker/table4/annotator/pybbs/src/main/java/co/yiiu/pybbs/model/Notification.java
844	co.yiiu.pybbs.model.Notification	setId(java.lang.Integer)	0	[false]		public	false	/home/nima/Desktop/taint-docker/table4/annotator/pybbs/src/main/java/co/yiiu/pybbs/model/Notification.java
845	co.yiiu.pybbs.model.Notification	getTopicId()	0	[]		public	true	/home/nima/Desktop/taint-docker/table4/annotator/pybbs/src/main/java/co/yiiu/pybbs/model/Notification.java
846	co.yiiu.pybbs.model.Notification	setTopicId(java.lang.Integer)	0	[false]		public	false	/home/nima/Desktop/taint-docker/table4/annotator/pybbs/src/main/java/co/yiiu/pybbs/model/Notification.java
847	co.yiiu.pybbs.model.Notification	getUserId()	0	[]		public	true	/home/nima/Desktop/taint-docker/table4/annotator/pybbs/src/main/java/co/yiiu/pybbs/model/Notification.java
848	co.yiiu.pybbs.model.Notification	setUserId(java.lang.Integer)	0	[false]		public	false	/home/nima/Desktop/taint-docker/table4/annotator/pybbs/src/main/java/co/yiiu/pybbs/model/Notification.java
849	co.yiiu.pybbs.model.Notification	getTargetUserId()	0	[]		public	true	/home/nima/Desktop/taint-docker/table4/annotator/pybbs/src/main/java/co/yiiu/pybbs/model/Notification.java
850	co.yiiu.pybbs.model.Notification	setTargetUserId(java.lang.Integer)	0	[false]		public	false	/home/nima/Desktop/taint-docker/table4/annotator/pybbs/src/main/java/co/yiiu/pybbs/model/Notification.java
851	co.yiiu.pybbs.model.Notification	getAction()	0	[]		public	true	/home/nima/Desktop/taint-docker/table4/annotator/pybbs/src/main/java/co/yiiu/pybbs/model/Notification.java
852	co.yiiu.pybbs.model.Notification	setAction(java.lang.String)	0	[false]		public	false	/home/nima/Desktop/taint-docker/table4/annotator/pybbs/src/main/java/co/yiiu/pybbs/model/Notification.java
853	co.yiiu.pybbs.model.Notification	getInTime()	0	[]		public	true	/home/nima/Desktop/taint-docker/table4/annotator/pybbs/src/main/java/co/yiiu/pybbs/model/Notification.java
854	co.yiiu.pybbs.model.Notification	setInTime(java.util.Date)	0	[false]		public	false	/home/nima/Desktop/taint-docker/table4/annotator/pybbs/src/main/java/co/yiiu/pybbs/model/Notification.java
855	co.yiiu.pybbs.model.Notification	getRead()	0	[]		public	true	/home/nima/Desktop/taint-docker/table4/annotator/pybbs/src/main/java/co/yiiu/pybbs/model/Notification.java
856	co.yiiu.pybbs.model.Notification	setRead(java.lang.Boolean)	0	[false]		public	false	/home/nima/Desktop/taint-docker/table4/annotator/pybbs/src/main/java/co/yiiu/pybbs/model/Notification.java
857	co.yiiu.pybbs.config.service.SensitiveWordFilterService	init()	0	[]	javax.annotation.PostConstruct	public	false	/home/nima/Desktop/taint-docker/table4/annotator/pybbs/src/main/java/co/yiiu/pybbs/config/service/SensitiveWordFilterService.java
858	co.yiiu.pybbs.service.impl.TagService	selectTagsByTopicId(co.yiiu.pybbs.util.MyPage)	1	[false]	java.lang.Override	public	false	/home/nima/Desktop/taint-docker/table4/annotator/pybbs/src/main/java/co/yiiu/pybbs/service/impl/TagService.java
859	co.yiiu.pybbs.service.impl.TagService	selectById(java.lang.Integer)	2	[false]	java.lang.Override	public	true	/home/nima/Desktop/taint-docker/table4/annotator/pybbs/src/main/java/co/yiiu/pybbs/service/impl/TagService.java
860	co.yiiu.pybbs.service.impl.TagService	selectByName(java.lang.String)	3	[false]	java.lang.Override	public	true	/home/nima/Desktop/taint-docker/table4/annotator/pybbs/src/main/java/co/yiiu/pybbs/service/impl/TagService.java
861	co.yiiu.pybbs.service.impl.TagService	selectByIds(java.util.List)	4	[false]	java.lang.Override	public	true	/home/nima/Desktop/taint-docker/table4/annotator/pybbs/src/main/java/co/yiiu/pybbs/service/impl/TagService.java
862	co.yiiu.pybbs.service.impl.TagService	selectByTopicId(java.lang.Integer)	5	[false]	java.lang.Override	public	true	/home/nima/Desktop/taint-docker/table4/annotator/pybbs/src/main/java/co/yiiu/pybbs/service/impl/TagService.java
863	co.yiiu.pybbs.service.impl.TagService	insertTag(java.lang.String)	6	[false]	java.lang.Override	public	true	/home/nima/Desktop/taint-docker/table4/annotator/pybbs/src/main/java/co/yiiu/pybbs/service/impl/TagService.java
864	co.yiiu.pybbs.service.impl.TagService	reduceTopicCount(java.lang.Integer)	7	[false]	java.lang.Override	public	false	/home/nima/Desktop/taint-docker/table4/annotator/pybbs/src/main/java/co/yiiu/pybbs/service/impl/TagService.java
865	co.yiiu.pybbs.service.impl.TagService	selectTopicByTagId(java.lang.Integer,java.lang.Integer)	8	[false, false]	java.lang.Override	public	true	/home/nima/Desktop/taint-docker/table4/annotator/pybbs/src/main/java/co/yiiu/pybbs/service/impl/TagService.java
866	co.yiiu.pybbs.service.impl.TagService	selectAll(java.lang.Integer,java.lang.Integer,java.lang.String)	9	[false, false, false]	java.lang.Override	public	true	/home/nima/Desktop/taint-docker/table4/annotator/pybbs/src/main/java/co/yiiu/pybbs/service/impl/TagService.java
867	co.yiiu.pybbs.service.impl.TagService	update(co.yiiu.pybbs.model.Tag)	10	[false]	java.lang.Override	public	false	/home/nima/Desktop/taint-docker/table4/annotator/pybbs/src/main/java/co/yiiu/pybbs/service/impl/TagService.java
868	co.yiiu.pybbs.service.impl.TagService	delete(java.lang.Integer)	11	[false]	java.lang.Override	public	false	/home/nima/Desktop/taint-docker/table4/annotator/pybbs/src/main/java/co/yiiu/pybbs/service/impl/TagService.java
869	co.yiiu.pybbs.service.impl.TagService	async()	12	[]	java.lang.Override	public	false	/home/nima/Desktop/taint-docker/table4/annotator/pybbs/src/main/java/co/yiiu/pybbs/service/impl/TagService.java
870	co.yiiu.pybbs.service.impl.TagService	countToday()	13	[]	java.lang.Override	public	false	/home/nima/Desktop/taint-docker/table4/annotator/pybbs/src/main/java/co/yiiu/pybbs/service/impl/TagService.java
871	co.yiiu.pybbs.mapper.TagMapper	selectTopicByTagId(co.yiiu.pybbs.util.MyPage,java.lang.Integer)	0	[false, false]		public	true	/home/nima/Desktop/taint-docker/table4/annotator/pybbs/src/main/java/co/yiiu/pybbs/mapper/TagMapper.java
872	co.yiiu.pybbs.mapper.TagMapper	countToday()	0	[]		public	false	/home/nima/Desktop/taint-docker/table4/annotator/pybbs/src/main/java/co/yiiu/pybbs/mapper/TagMapper.java
873	co.yiiu.pybbs.config.websocket.WebSocketConfig	serverEndpoint()	0	[]	org.springframework.context.annotation.Bean	public	true	/home/nima/Desktop/taint-docker/table4/annotator/pybbs/src/main/java/co/yiiu/pybbs/config/websocket/WebSocketConfig.java
874	co.yiiu.pybbs.controller.api.TelegramBotController	webhook(javax.servlet.http.HttpServletRequest)	0	[false]	org.springframework.web.bind.annotation.PostMapping,org.springframework.web.bind.annotation.ResponseBody	public	true	/home/nima/Desktop/taint-docker/table4/annotator/pybbs/src/main/java/co/yiiu/pybbs/controller/api/TelegramBotController.java
875	co.yiiu.pybbs.util.bcrypt.BCryptPasswordEncoder	BCryptPasswordEncoder()	0	[]		public	false	/home/nima/Desktop/taint-docker/table4/annotator/pybbs/src/main/java/co/yiiu/pybbs/util/bcrypt/BCryptPasswordEncoder.java
876	co.yiiu.pybbs.util.bcrypt.BCryptPasswordEncoder	BCryptPasswordEncoder(int)	0	[false]		public	false	/home/nima/Desktop/taint-docker/table4/annotator/pybbs/src/main/java/co/yiiu/pybbs/util/bcrypt/BCryptPasswordEncoder.java
877	co.yiiu.pybbs.util.bcrypt.BCryptPasswordEncoder	BCryptPasswordEncoder(int,java.security.SecureRandom)	0	[false, false]		public	false	/home/nima/Desktop/taint-docker/table4/annotator/pybbs/src/main/java/co/yiiu/pybbs/util/bcrypt/BCryptPasswordEncoder.java
878	co.yiiu.pybbs.util.bcrypt.BCryptPasswordEncoder	encode(java.lang.CharSequence)	0	[false]		public	true	/home/nima/Desktop/taint-docker/table4/annotator/pybbs/src/main/java/co/yiiu/pybbs/util/bcrypt/BCryptPasswordEncoder.java
879	co.yiiu.pybbs.util.bcrypt.BCryptPasswordEncoder	matches(java.lang.CharSequence,java.lang.String)	0	[false, false]		public	false	/home/nima/Desktop/taint-docker/table4/annotator/pybbs/src/main/java/co/yiiu/pybbs/util/bcrypt/BCryptPasswordEncoder.java
880	co.yiiu.pybbs.util.captcha.SpecCaptcha	SpecCaptcha()	0	[]		public	false	/home/nima/Desktop/taint-docker/table4/annotator/pybbs/src/main/java/co/yiiu/pybbs/util/captcha/SpecCaptcha.java
881	co.yiiu.pybbs.util.captcha.SpecCaptcha	SpecCaptcha(int,int)	0	[false, false]		public	false	/home/nima/Desktop/taint-docker/table4/annotator/pybbs/src/main/java/co/yiiu/pybbs/util/captcha/SpecCaptcha.java
882	co.yiiu.pybbs.util.captcha.SpecCaptcha	SpecCaptcha(int,int,int)	0	[false, false, false]		public	false	/home/nima/Desktop/taint-docker/table4/annotator/pybbs/src/main/java/co/yiiu/pybbs/util/captcha/SpecCaptcha.java
883	co.yiiu.pybbs.util.captcha.SpecCaptcha	SpecCaptcha(int,int,int,java.awt.Font)	0	[false, false, false, false]		public	false	/home/nima/Desktop/taint-docker/table4/annotator/pybbs/src/main/java/co/yiiu/pybbs/util/captcha/SpecCaptcha.java
884	co.yiiu.pybbs.util.captcha.SpecCaptcha	out(java.io.OutputStream)	818	[false]	java.lang.Override	public	false	/home/nima/Desktop/taint-docker/table4/annotator/pybbs/src/main/java/co/yiiu/pybbs/util/captcha/SpecCaptcha.java
885	co.yiiu.pybbs.util.captcha.SpecCaptcha	graphicsImage(char[],java.io.OutputStream)	0	[false, false]		private	false	/home/nima/Desktop/taint-docker/table4/annotator/pybbs/src/main/java/co/yiiu/pybbs/util/captcha/SpecCaptcha.java
886	co.yiiu.pybbs.plugin.FileUploadPlugin	upload(org.aspectj.lang.ProceedingJoinPoint)	0	[false]	org.aspectj.lang.annotation.Around	public	true	/home/nima/Desktop/taint-docker/table4/annotator/pybbs/src/main/java/co/yiiu/pybbs/plugin/FileUploadPlugin.java
887	co.yiiu.pybbs.config.DataSourceHelper	init()	0	[]	javax.annotation.PostConstruct	public	false	/home/nima/Desktop/taint-docker/table4/annotator/pybbs/src/main/java/co/yiiu/pybbs/config/DataSourceHelper.java
888	co.yiiu.pybbs.util.SpringContextUtil	SpringContextUtil()	0	[]		public	false	/home/nima/Desktop/taint-docker/table4/annotator/pybbs/src/main/java/co/yiiu/pybbs/util/SpringContextUtil.java
889	co.yiiu.pybbs.util.SpringContextUtil	setApplicationContext(org.springframework.context.ApplicationContext)	890	[false]	java.lang.Override	public	false	/home/nima/Desktop/taint-docker/table4/annotator/pybbs/src/main/java/co/yiiu/pybbs/util/SpringContextUtil.java
891	co.yiiu.pybbs.util.SpringContextUtil	getBean(java.lang.String)	0	[false]		public	true	/home/nima/Desktop/taint-docker/table4/annotator/pybbs/src/main/java/co/yiiu/pybbs/util/SpringContextUtil.java
892	co.yiiu.pybbs.util.SpringContextUtil	getBean(java.lang.String,java.lang.Class)	0	[false, false]		public	true	/home/nima/Desktop/taint-docker/table4/annotator/pybbs/src/main/java/co/yiiu/pybbs/util/SpringContextUtil.java
893	co.yiiu.pybbs.util.SpringContextUtil	getBean(java.lang.Class)	0	[false]		public	true	/home/nima/Desktop/taint-docker/table4/annotator/pybbs/src/main/java/co/yiiu/pybbs/util/SpringContextUtil.java
894	co.yiiu.pybbs.util.SpringContextUtil	containsBean(java.lang.String)	0	[false]		public	false	/home/nima/Desktop/taint-docker/table4/annotator/pybbs/src/main/java/co/yiiu/pybbs/util/SpringContextUtil.java
895	co.yiiu.pybbs.util.SpringContextUtil	isSingleton(java.lang.String)	0	[false]		public	false	/home/nima/Desktop/taint-docker/table4/annotator/pybbs/src/main/java/co/yiiu/pybbs/util/SpringContextUtil.java
896	co.yiiu.pybbs.util.SpringContextUtil	getType(java.lang.String)	0	[false]		public	true	/home/nima/Desktop/taint-docker/table4/annotator/pybbs/src/main/java/co/yiiu/pybbs/util/SpringContextUtil.java
897	co.yiiu.pybbs.service.impl.NotificationService	selectByUserId(java.lang.Integer,java.lang.Boolean,java.lang.Integer)	199	[false, false, false]	java.lang.Override	public	true	/home/nima/Desktop/taint-docker/table4/annotator/pybbs/src/main/java/co/yiiu/pybbs/service/impl/NotificationService.java
898	co.yiiu.pybbs.service.impl.NotificationService	markRead(java.lang.Integer)	200	[false]	java.lang.Override	public	false	/home/nima/Desktop/taint-docker/table4/annotator/pybbs/src/main/java/co/yiiu/pybbs/service/impl/NotificationService.java
899	co.yiiu.pybbs.service.impl.NotificationService	countNotRead(java.lang.Integer)	201	[false]	java.lang.Override	public	false	/home/nima/Desktop/taint-docker/table4/annotator/pybbs/src/main/java/co/yiiu/pybbs/service/impl/NotificationService.java
900	co.yiiu.pybbs.service.impl.NotificationService	deleteByTopicId(java.lang.Integer)	202	[false]	java.lang.Override	public	false	/home/nima/Desktop/taint-docker/table4/annotator/pybbs/src/main/java/co/yiiu/pybbs/service/impl/NotificationService.java
901	co.yiiu.pybbs.service.impl.NotificationService	deleteByUserId(java.lang.Integer)	203	[false]	java.lang.Override	public	false	/home/nima/Desktop/taint-docker/table4/annotator/pybbs/src/main/java/co/yiiu/pybbs/service/impl/NotificationService.java
902	co.yiiu.pybbs.service.impl.NotificationService	insert(java.lang.Integer,java.lang.Integer,java.lang.Integer,java.lang.String,java.lang.String)	204	[false, false, false, false, false]	java.lang.Override	public	false	/home/nima/Desktop/taint-docker/table4/annotator/pybbs/src/main/java/co/yiiu/pybbs/service/impl/NotificationService.java
903	co.yiiu.pybbs.util.captcha.Encoder	Encoder(int,int,byte[],int)	0	[false, false, false, false]		package	false	/home/nima/Desktop/taint-docker/table4/annotator/pybbs/src/main/java/co/yiiu/pybbs/util/captcha/Encoder.java
904	co.yiiu.pybbs.util.captcha.Encoder	char_out(byte,java.io.OutputStream)	0	[false, false]		package	false	/home/nima/Desktop/taint-docker/table4/annotator/pybbs/src/main/java/co/yiiu/pybbs/util/captcha/Encoder.java
905	co.yiiu.pybbs.util.captcha.Encoder	cl_block(java.io.OutputStream)	0	[false]		package	false	/home/nima/Desktop/taint-docker/table4/annotator/pybbs/src/main/java/co/yiiu/pybbs/util/captcha/Encoder.java
906	co.yiiu.pybbs.util.captcha.Encoder	cl_hash(int)	0	[false]		package	false	/home/nima/Desktop/taint-docker/table4/annotator/pybbs/src/main/java/co/yiiu/pybbs/util/captcha/Encoder.java
907	co.yiiu.pybbs.util.captcha.Encoder	compress(int,java.io.OutputStream)	0	[false, false]		package	false	/home/nima/Desktop/taint-docker/table4/annotator/pybbs/src/main/java/co/yiiu/pybbs/util/captcha/Encoder.java
908	co.yiiu.pybbs.util.captcha.Encoder	encode(java.io.OutputStream)	0	[false]		package	false	/home/nima/Desktop/taint-docker/table4/annotator/pybbs/src/main/java/co/yiiu/pybbs/util/captcha/Encoder.java
909	co.yiiu.pybbs.util.captcha.Encoder	flush_char(java.io.OutputStream)	0	[false]		package	false	/home/nima/Desktop/taint-docker/table4/annotator/pybbs/src/main/java/co/yiiu/pybbs/util/captcha/Encoder.java
910	co.yiiu.pybbs.util.captcha.Encoder	MAXCODE(int)	0	[false]		package	false	/home/nima/Desktop/taint-docker/table4/annotator/pybbs/src/main/java/co/yiiu/pybbs/util/captcha/Encoder.java
911	co.yiiu.pybbs.util.captcha.Encoder	nextPixel()	0	[]		private	false	/home/nima/Desktop/taint-docker/table4/annotator/pybbs/src/main/java/co/yiiu/pybbs/util/captcha/Encoder.java
912	co.yiiu.pybbs.util.captcha.Encoder	output(int,java.io.OutputStream)	0	[false, false]		package	false	/home/nima/Desktop/taint-docker/table4/annotator/pybbs/src/main/java/co/yiiu/pybbs/util/captcha/Encoder.java
913	co.yiiu.pybbs.util.SecurityUtil	sanitizeInput(java.lang.String)	0	[false]		public	true	/home/nima/Desktop/taint-docker/table4/annotator/pybbs/src/main/java/co/yiiu/pybbs/util/SecurityUtil.java
914	co.yiiu.pybbs.hook.CommentServiceHook	selectByTopicId()	0	[]	org.aspectj.lang.annotation.Pointcut	public	false	/home/nima/Desktop/taint-docker/table4/annotator/pybbs/src/main/java/co/yiiu/pybbs/hook/CommentServiceHook.java
915	co.yiiu.pybbs.hook.CommentServiceHook	insert()	0	[]	org.aspectj.lang.annotation.Pointcut	public	false	/home/nima/Desktop/taint-docker/table4/annotator/pybbs/src/main/java/co/yiiu/pybbs/hook/CommentServiceHook.java
916	co.yiiu.pybbs.hook.CommentServiceHook	update()	0	[]	org.aspectj.lang.annotation.Pointcut	public	false	/home/nima/Desktop/taint-docker/table4/annotator/pybbs/src/main/java/co/yiiu/pybbs/hook/CommentServiceHook.java
917	co.yiiu.pybbs.hook.CommentServiceHook	vote()	0	[]	org.aspectj.lang.annotation.Pointcut	public	false	/home/nima/Desktop/taint-docker/table4/annotator/pybbs/src/main/java/co/yiiu/pybbs/hook/CommentServiceHook.java
918	co.yiiu.pybbs.hook.CommentServiceHook	delete()	0	[]	org.aspectj.lang.annotation.Pointcut	public	false	/home/nima/Desktop/taint-docker/table4/annotator/pybbs/src/main/java/co/yiiu/pybbs/hook/CommentServiceHook.java
919	co.yiiu.pybbs.controller.api.CommentApiController	create(java.util.Map)	0	[false]	org.springframework.web.bind.annotation.PostMapping	public	true	/home/nima/Desktop/taint-docker/table4/annotator/pybbs/src/main/java/co/yiiu/pybbs/controller/api/CommentApiController.java
920	co.yiiu.pybbs.controller.api.CommentApiController	update(java.lang.Integer,java.util.Map)	0	[false, false]	org.springframework.web.bind.annotation.PutMapping	public	true	/home/nima/Desktop/taint-docker/table4/annotator/pybbs/src/main/java/co/yiiu/pybbs/controller/api/CommentApiController.java
921	co.yiiu.pybbs.controller.api.CommentApiController	delete(java.lang.Integer)	0	[false]	org.springframework.web.bind.annotation.DeleteMapping	public	true	/home/nima/Desktop/taint-docker/table4/annotator/pybbs/src/main/java/co/yiiu/pybbs/controller/api/CommentApiController.java
922	co.yiiu.pybbs.controller.api.CommentApiController	vote(java.lang.Integer)	0	[false]	org.springframework.web.bind.annotation.GetMapping	public	true	/home/nima/Desktop/taint-docker/table4/annotator/pybbs/src/main/java/co/yiiu/pybbs/controller/api/CommentApiController.java
923	co.yiiu.pybbs.util.captcha.GifCaptcha	GifCaptcha()	0	[]		public	false	/home/nima/Desktop/taint-docker/table4/annotator/pybbs/src/main/java/co/yiiu/pybbs/util/captcha/GifCaptcha.java
924	co.yiiu.pybbs.util.captcha.GifCaptcha	GifCaptcha(int,int)	0	[false, false]		public	false	/home/nima/Desktop/taint-docker/table4/annotator/pybbs/src/main/java/co/yiiu/pybbs/util/captcha/GifCaptcha.java
925	co.yiiu.pybbs.util.captcha.GifCaptcha	GifCaptcha(int,int,int)	0	[false, false, false]		public	false	/home/nima/Desktop/taint-docker/table4/annotator/pybbs/src/main/java/co/yiiu/pybbs/util/captcha/GifCaptcha.java
926	co.yiiu.pybbs.util.captcha.GifCaptcha	GifCaptcha(int,int,int,java.awt.Font)	0	[false, false, false, false]		public	false	/home/nima/Desktop/taint-docker/table4/annotator/pybbs/src/main/java/co/yiiu/pybbs/util/captcha/GifCaptcha.java
927	co.yiiu.pybbs.util.captcha.GifCaptcha	out(java.io.OutputStream)	818	[false]	java.lang.Override	public	false	/home/nima/Desktop/taint-docker/table4/annotator/pybbs/src/main/java/co/yiiu/pybbs/util/captcha/GifCaptcha.java
928	co.yiiu.pybbs.util.captcha.GifCaptcha	graphicsImage(java.awt.Color[],char[],int)	0	[false, false, false]		private	true	/home/nima/Desktop/taint-docker/table4/annotator/pybbs/src/main/java/co/yiiu/pybbs/util/captcha/GifCaptcha.java
929	co.yiiu.pybbs.util.captcha.GifCaptcha	getAlpha(int,int)	0	[false, false]		private	false	/home/nima/Desktop/taint-docker/table4/annotator/pybbs/src/main/java/co/yiiu/pybbs/util/captcha/GifCaptcha.java
930	co.yiiu.pybbs.service.impl.RolePermissionService	selectByRoleId(java.lang.Integer)	777	[false]	java.lang.Override	public	true	/home/nima/Desktop/taint-docker/table4/annotator/pybbs/src/main/java/co/yiiu/pybbs/service/impl/RolePermissionService.java
931	co.yiiu.pybbs.service.impl.RolePermissionService	deleteByRoleId(java.lang.Integer)	778	[false]	java.lang.Override	public	false	/home/nima/Desktop/taint-docker/table4/annotator/pybbs/src/main/java/co/yiiu/pybbs/service/impl/RolePermissionService.java
932	co.yiiu.pybbs.service.impl.RolePermissionService	deleteByPermissionId(java.lang.Integer)	779	[false]	java.lang.Override	public	false	/home/nima/Desktop/taint-docker/table4/annotator/pybbs/src/main/java/co/yiiu/pybbs/service/impl/RolePermissionService.java
933	co.yiiu.pybbs.service.impl.RolePermissionService	insert(co.yiiu.pybbs.model.RolePermission)	780	[false]	java.lang.Override	public	false	/home/nima/Desktop/taint-docker/table4/annotator/pybbs/src/main/java/co/yiiu/pybbs/service/impl/RolePermissionService.java
934	co.yiiu.pybbs.service.impl.SystemConfigService	selectAllConfig()	90	[]	java.lang.Override	public	true	/home/nima/Desktop/taint-docker/table4/annotator/pybbs/src/main/java/co/yiiu/pybbs/service/impl/SystemConfigService.java
935	co.yiiu.pybbs.service.impl.SystemConfigService	selectByKey(java.lang.String)	91	[false]	java.lang.Override	public	true	/home/nima/Desktop/taint-docker/table4/annotator/pybbs/src/main/java/co/yiiu/pybbs/service/impl/SystemConfigService.java
936	co.yiiu.pybbs.service.impl.SystemConfigService	selectAll()	92	[]	java.lang.Override	public	true	/home/nima/Desktop/taint-docker/table4/annotator/pybbs/src/main/java/co/yiiu/pybbs/service/impl/SystemConfigService.java
937	co.yiiu.pybbs.service.impl.SystemConfigService	update(java.util.List)	93	[false]	java.lang.Override	public	false	/home/nima/Desktop/taint-docker/table4/annotator/pybbs/src/main/java/co/yiiu/pybbs/service/impl/SystemConfigService.java
938	co.yiiu.pybbs.service.impl.SystemConfigService	updateByKey(java.lang.String,co.yiiu.pybbs.model.SystemConfig)	94	[false, false]	java.lang.Override	public	false	/home/nima/Desktop/taint-docker/table4/annotator/pybbs/src/main/java/co/yiiu/pybbs/service/impl/SystemConfigService.java
939	co.yiiu.pybbs.service.impl.SystemConfigService	selectAllConfigWithoutPassword()	95	[]	java.lang.Override	public	true	/home/nima/Desktop/taint-docker/table4/annotator/pybbs/src/main/java/co/yiiu/pybbs/service/impl/SystemConfigService.java
940	co.yiiu.pybbs.controller.api.CollectApiController	get(java.lang.Integer)	0	[false]	org.springframework.web.bind.annotation.PostMapping	public	true	/home/nima/Desktop/taint-docker/table4/annotator/pybbs/src/main/java/co/yiiu/pybbs/controller/api/CollectApiController.java
941	co.yiiu.pybbs.controller.api.CollectApiController	delete(java.lang.Integer)	0	[false]	org.springframework.web.bind.annotation.DeleteMapping	public	true	/home/nima/Desktop/taint-docker/table4/annotator/pybbs/src/main/java/co/yiiu/pybbs/controller/api/CollectApiController.java
942	co.yiiu.pybbs.service.impl.OAuthUserService	selectByTypeAndLogin(java.lang.String,java.lang.String)	472	[false, false]	java.lang.Override	public	true	/home/nima/Desktop/taint-docker/table4/annotator/pybbs/src/main/java/co/yiiu/pybbs/service/impl/OAuthUserService.java
943	co.yiiu.pybbs.service.impl.OAuthUserService	selectByUserId(java.lang.Integer)	473	[false]	java.lang.Override	public	true	/home/nima/Desktop/taint-docker/table4/annotator/pybbs/src/main/java/co/yiiu/pybbs/service/impl/OAuthUserService.java
944	co.yiiu.pybbs.service.impl.OAuthUserService	addOAuthUser(java.lang.Integer,java.lang.String,java.lang.String,java.lang.String,java.lang.String,java.lang.String,java.lang.Integer,java.lang.String,java.lang.String,java.lang.String)	474	[false, false, false, false, false, false, false, false, false, false]	java.lang.Override	public	false	/home/nima/Desktop/taint-docker/table4/annotator/pybbs/src/main/java/co/yiiu/pybbs/service/impl/OAuthUserService.java
945	co.yiiu.pybbs.service.impl.OAuthUserService	update(co.yiiu.pybbs.model.OAuthUser)	475	[false]	java.lang.Override	public	false	/home/nima/Desktop/taint-docker/table4/annotator/pybbs/src/main/java/co/yiiu/pybbs/service/impl/OAuthUserService.java
946	co.yiiu.pybbs.controller.front.UserController	profile(java.lang.String,org.springframework.ui.Model)	0	[false, false]	org.springframework.web.bind.annotation.GetMapping	public	true	/home/nima/Desktop/taint-docker/table4/annotator/pybbs/src/main/java/co/yiiu/pybbs/controller/front/UserController.java
947	co.yiiu.pybbs.controller.front.UserController	topics(java.lang.String,java.lang.Integer,org.springframework.ui.Model)	0	[false, false, false]	org.springframework.web.bind.annotation.GetMapping	public	true	/home/nima/Desktop/taint-docker/table4/annotator/pybbs/src/main/java/co/yiiu/pybbs/controller/front/UserController.java
948	co.yiiu.pybbs.controller.front.UserController	comments(java.lang.String,java.lang.Integer,org.springframework.ui.Model)	0	[false, false, false]	org.springframework.web.bind.annotation.GetMapping	public	true	/home/nima/Desktop/taint-docker/table4/annotator/pybbs/src/main/java/co/yiiu/pybbs/controller/front/UserController.java
949	co.yiiu.pybbs.controller.front.UserController	collects(java.lang.String,java.lang.Integer,org.springframework.ui.Model)	0	[false, false, false]	org.springframework.web.bind.annotation.GetMapping	public	true	/home/nima/Desktop/taint-docker/table4/annotator/pybbs/src/main/java/co/yiiu/pybbs/controller/front/UserController.java
950	co.yiiu.pybbs.util.DateUtil	DateUtil()	0	[]		private	false	/home/nima/Desktop/taint-docker/table4/annotator/pybbs/src/main/java/co/yiiu/pybbs/util/DateUtil.java
951	co.yiiu.pybbs.util.DateUtil	formatDateTime(java.util.Date)	0	[false]		public	true	/home/nima/Desktop/taint-docker/table4/annotator/pybbs/src/main/java/co/yiiu/pybbs/util/DateUtil.java
952	co.yiiu.pybbs.util.DateUtil	formatDate(java.util.Date)	0	[false]		public	true	/home/nima/Desktop/taint-docker/table4/annotator/pybbs/src/main/java/co/yiiu/pybbs/util/DateUtil.java
953	co.yiiu.pybbs.util.DateUtil	formatDateTime(java.util.Date,java.lang.String)	0	[false, false]		public	true	/home/nima/Desktop/taint-docker/table4/annotator/pybbs/src/main/java/co/yiiu/pybbs/util/DateUtil.java
954	co.yiiu.pybbs.util.DateUtil	string2Date(java.lang.String,java.lang.String)	0	[false, false]		public	true	/home/nima/Desktop/taint-docker/table4/annotator/pybbs/src/main/java/co/yiiu/pybbs/util/DateUtil.java
955	co.yiiu.pybbs.util.DateUtil	isExpire(java.util.Date)	0	[false]		public	false	/home/nima/Desktop/taint-docker/table4/annotator/pybbs/src/main/java/co/yiiu/pybbs/util/DateUtil.java
956	co.yiiu.pybbs.util.DateUtil	getHourAfter(java.util.Date,int)	0	[false, false]		public	true	/home/nima/Desktop/taint-docker/table4/annotator/pybbs/src/main/java/co/yiiu/pybbs/util/DateUtil.java
957	co.yiiu.pybbs.util.DateUtil	getHourBefore(java.util.Date,int)	0	[false, false]		public	true	/home/nima/Desktop/taint-docker/table4/annotator/pybbs/src/main/java/co/yiiu/pybbs/util/DateUtil.java
958	co.yiiu.pybbs.util.DateUtil	getDateBefore(java.util.Date,int)	0	[false, false]		public	true	/home/nima/Desktop/taint-docker/table4/annotator/pybbs/src/main/java/co/yiiu/pybbs/util/DateUtil.java
959	co.yiiu.pybbs.util.DateUtil	getDateAfter(java.util.Date,int)	0	[false, false]		public	true	/home/nima/Desktop/taint-docker/table4/annotator/pybbs/src/main/java/co/yiiu/pybbs/util/DateUtil.java
960	co.yiiu.pybbs.util.DateUtil	getMinuteAfter(java.util.Date,int)	0	[false, false]		public	true	/home/nima/Desktop/taint-docker/table4/annotator/pybbs/src/main/java/co/yiiu/pybbs/util/DateUtil.java
961	co.yiiu.pybbs.util.DateUtil	getMinuteBefore(java.util.Date,int)	0	[false, false]		public	true	/home/nima/Desktop/taint-docker/table4/annotator/pybbs/src/main/java/co/yiiu/pybbs/util/DateUtil.java
962	co.yiiu.pybbs.service.impl.RoleService	selectById(java.lang.Integer)	491	[false]	java.lang.Override	public	true	/home/nima/Desktop/taint-docker/table4/annotator/pybbs/src/main/java/co/yiiu/pybbs/service/impl/RoleService.java
963	co.yiiu.pybbs.service.impl.RoleService	selectAll()	492	[]	java.lang.Override	public	true	/home/nima/Desktop/taint-docker/table4/annotator/pybbs/src/main/java/co/yiiu/pybbs/service/impl/RoleService.java
964	co.yiiu.pybbs.service.impl.RoleService	insert(java.lang.String,java.lang.Integer[])	493	[false, false]	java.lang.Override	public	false	/home/nima/Desktop/taint-docker/table4/annotator/pybbs/src/main/java/co/yiiu/pybbs/service/impl/RoleService.java
965	co.yiiu.pybbs.service.impl.RoleService	update(java.lang.Integer,java.lang.String,java.lang.Integer[])	494	[false, false, false]	java.lang.Override	public	false	/home/nima/Desktop/taint-docker/table4/annotator/pybbs/src/main/java/co/yiiu/pybbs/service/impl/RoleService.java
966	co.yiiu.pybbs.service.impl.RoleService	insertRolePermissions(co.yiiu.pybbs.model.Role,java.lang.Integer[])	0	[false, false]		private	false	/home/nima/Desktop/taint-docker/table4/annotator/pybbs/src/main/java/co/yiiu/pybbs/service/impl/RoleService.java
967	co.yiiu.pybbs.service.impl.RoleService	delete(java.lang.Integer)	495	[false]	java.lang.Override	public	false	/home/nima/Desktop/taint-docker/table4/annotator/pybbs/src/main/java/co/yiiu/pybbs/service/impl/RoleService.java
968	co.yiiu.pybbs.exception.ApiAssert	isNull(java.lang.Object,java.lang.String)	0	[false, false]		public	false	/home/nima/Desktop/taint-docker/table4/annotator/pybbs/src/main/java/co/yiiu/pybbs/exception/ApiAssert.java
969	co.yiiu.pybbs.exception.ApiAssert	isNull(java.lang.Object,int,java.lang.String)	0	[false, false, false]		public	false	/home/nima/Desktop/taint-docker/table4/annotator/pybbs/src/main/java/co/yiiu/pybbs/exception/ApiAssert.java
970	co.yiiu.pybbs.exception.ApiAssert	notNull(java.lang.Object,java.lang.String)	0	[false, false]		public	false	/home/nima/Desktop/taint-docker/table4/annotator/pybbs/src/main/java/co/yiiu/pybbs/exception/ApiAssert.java
971	co.yiiu.pybbs.exception.ApiAssert	notNull(java.lang.Object,int,java.lang.String)	0	[false, false, false]		public	false	/home/nima/Desktop/taint-docker/table4/annotator/pybbs/src/main/java/co/yiiu/pybbs/exception/ApiAssert.java
972	co.yiiu.pybbs.exception.ApiAssert	isTrue(boolean,java.lang.String)	0	[false, false]		public	false	/home/nima/Desktop/taint-docker/table4/annotator/pybbs/src/main/java/co/yiiu/pybbs/exception/ApiAssert.java
973	co.yiiu.pybbs.exception.ApiAssert	isTrue(boolean,int,java.lang.String)	0	[false, false, false]		public	false	/home/nima/Desktop/taint-docker/table4/annotator/pybbs/src/main/java/co/yiiu/pybbs/exception/ApiAssert.java
974	co.yiiu.pybbs.exception.ApiAssert	notTrue(boolean,java.lang.String)	0	[false, false]		public	false	/home/nima/Desktop/taint-docker/table4/annotator/pybbs/src/main/java/co/yiiu/pybbs/exception/ApiAssert.java
975	co.yiiu.pybbs.exception.ApiAssert	notTrue(boolean,int,java.lang.String)	0	[false, false, false]		public	false	/home/nima/Desktop/taint-docker/table4/annotator/pybbs/src/main/java/co/yiiu/pybbs/exception/ApiAssert.java
976	co.yiiu.pybbs.exception.ApiAssert	isEmpty(java.lang.String,java.lang.String)	0	[false, false]		public	false	/home/nima/Desktop/taint-docker/table4/annotator/pybbs/src/main/java/co/yiiu/pybbs/exception/ApiAssert.java
977	co.yiiu.pybbs.exception.ApiAssert	isEmpty(java.lang.String,int,java.lang.String)	0	[false, false, false]		public	false	/home/nima/Desktop/taint-docker/table4/annotator/pybbs/src/main/java/co/yiiu/pybbs/exception/ApiAssert.java
978	co.yiiu.pybbs.exception.ApiAssert	notEmpty(java.lang.String,java.lang.String)	0	[false, false]		public	false	/home/nima/Desktop/taint-docker/table4/annotator/pybbs/src/main/java/co/yiiu/pybbs/exception/ApiAssert.java
979	co.yiiu.pybbs.exception.ApiAssert	notEmpty(java.lang.String,int,java.lang.String)	0	[false, false, false]		public	false	/home/nima/Desktop/taint-docker/table4/annotator/pybbs/src/main/java/co/yiiu/pybbs/exception/ApiAssert.java
980	co.yiiu.pybbs.controller.admin.IndexAdminController	index(org.springframework.ui.Model)	0	[false]	org.apache.shiro.authz.annotation.RequiresUser,org.springframework.web.bind.annotation.GetMapping	public	true	/home/nima/Desktop/taint-docker/table4/annotator/pybbs/src/main/java/co/yiiu/pybbs/controller/admin/IndexAdminController.java
981	co.yiiu.pybbs.controller.admin.IndexAdminController	adminlogin()	0	[]	org.springframework.web.bind.annotation.GetMapping	public	true	/home/nima/Desktop/taint-docker/table4/annotator/pybbs/src/main/java/co/yiiu/pybbs/controller/admin/IndexAdminController.java
982	co.yiiu.pybbs.controller.admin.IndexAdminController	adminlogin(java.lang.String,java.lang.String,java.lang.String,javax.servlet.http.HttpSession,java.lang.Boolean,javax.servlet.http.HttpServletRequest,org.springframework.web.servlet.mvc.support.RedirectAttributes)	0	[false, false, false, false, false, false, false]	org.springframework.web.bind.annotation.PostMapping	public	true	/home/nima/Desktop/taint-docker/table4/annotator/pybbs/src/main/java/co/yiiu/pybbs/controller/admin/IndexAdminController.java
983	co.yiiu.pybbs.controller.admin.IndexAdminController	logout()	0	[]	org.springframework.web.bind.annotation.GetMapping	public	true	/home/nima/Desktop/taint-docker/table4/annotator/pybbs/src/main/java/co/yiiu/pybbs/controller/admin/IndexAdminController.java
984	co.yiiu.pybbs.controller.admin.IndexAdminController	noAuth()	0	[]	org.springframework.web.bind.annotation.GetMapping	public	true	/home/nima/Desktop/taint-docker/table4/annotator/pybbs/src/main/java/co/yiiu/pybbs/controller/admin/IndexAdminController.java
985	co.yiiu.pybbs.util.Constants	Constants()	0	[]		private	false	/home/nima/Desktop/taint-docker/table4/annotator/pybbs/src/main/java/co/yiiu/pybbs/util/Constants.java
986	co.yiiu.pybbs.plugin.RedisCachePlugin	topicSelectById(org.aspectj.lang.ProceedingJoinPoint)	0	[false]	org.aspectj.lang.annotation.Around	public	true	/home/nima/Desktop/taint-docker/table4/annotator/pybbs/src/main/java/co/yiiu/pybbs/plugin/RedisCachePlugin.java
987	co.yiiu.pybbs.plugin.RedisCachePlugin	topicUpdateViewCount(org.aspectj.lang.ProceedingJoinPoint)	0	[false]	org.aspectj.lang.annotation.Around	public	true	/home/nima/Desktop/taint-docker/table4/annotator/pybbs/src/main/java/co/yiiu/pybbs/plugin/RedisCachePlugin.java
988	co.yiiu.pybbs.plugin.RedisCachePlugin	voteTopic(org.aspectj.lang.ProceedingJoinPoint)	0	[false]	org.aspectj.lang.annotation.Around	public	true	/home/nima/Desktop/taint-docker/table4/annotator/pybbs/src/main/java/co/yiiu/pybbs/plugin/RedisCachePlugin.java
989	co.yiiu.pybbs.plugin.RedisCachePlugin	topicUpdate(org.aspectj.lang.JoinPoint)	0	[false]	org.aspectj.lang.annotation.After	public	false	/home/nima/Desktop/taint-docker/table4/annotator/pybbs/src/main/java/co/yiiu/pybbs/plugin/RedisCachePlugin.java
990	co.yiiu.pybbs.plugin.RedisCachePlugin	commentSelectByTopicId(org.aspectj.lang.ProceedingJoinPoint)	0	[false]	org.aspectj.lang.annotation.Around	public	true	/home/nima/Desktop/taint-docker/table4/annotator/pybbs/src/main/java/co/yiiu/pybbs/plugin/RedisCachePlugin.java
991	co.yiiu.pybbs.plugin.RedisCachePlugin	commentInsert(org.aspectj.lang.JoinPoint)	0	[false]	org.aspectj.lang.annotation.After	public	false	/home/nima/Desktop/taint-docker/table4/annotator/pybbs/src/main/java/co/yiiu/pybbs/plugin/RedisCachePlugin.java
992	co.yiiu.pybbs.plugin.RedisCachePlugin	commentUpdate(org.aspectj.lang.JoinPoint)	0	[false]	org.aspectj.lang.annotation.After	public	false	/home/nima/Desktop/taint-docker/table4/annotator/pybbs/src/main/java/co/yiiu/pybbs/plugin/RedisCachePlugin.java
993	co.yiiu.pybbs.plugin.RedisCachePlugin	commentDelete(org.aspectj.lang.JoinPoint)	0	[false]	org.aspectj.lang.annotation.After	public	false	/home/nima/Desktop/taint-docker/table4/annotator/pybbs/src/main/java/co/yiiu/pybbs/plugin/RedisCachePlugin.java
994	co.yiiu.pybbs.plugin.RedisCachePlugin	voteComment(org.aspectj.lang.ProceedingJoinPoint)	0	[false]	org.aspectj.lang.annotation.Around	public	true	/home/nima/Desktop/taint-docker/table4/annotator/pybbs/src/main/java/co/yiiu/pybbs/plugin/RedisCachePlugin.java
995	co.yiiu.pybbs.plugin.RedisCachePlugin	userSelectByUsername(org.aspectj.lang.ProceedingJoinPoint)	0	[false]	org.aspectj.lang.annotation.Around	public	true	/home/nima/Desktop/taint-docker/table4/annotator/pybbs/src/main/java/co/yiiu/pybbs/plugin/RedisCachePlugin.java
996	co.yiiu.pybbs.plugin.RedisCachePlugin	userSelectByToken(org.aspectj.lang.ProceedingJoinPoint)	0	[false]	org.aspectj.lang.annotation.Around	public	true	/home/nima/Desktop/taint-docker/table4/annotator/pybbs/src/main/java/co/yiiu/pybbs/plugin/RedisCachePlugin.java
997	co.yiiu.pybbs.plugin.RedisCachePlugin	userSelectById(org.aspectj.lang.ProceedingJoinPoint)	0	[false]	org.aspectj.lang.annotation.Around	public	true	/home/nima/Desktop/taint-docker/table4/annotator/pybbs/src/main/java/co/yiiu/pybbs/plugin/RedisCachePlugin.java
998	co.yiiu.pybbs.plugin.RedisCachePlugin	userDelRedisUser(org.aspectj.lang.JoinPoint)	0	[false]	org.aspectj.lang.annotation.After	public	false	/home/nima/Desktop/taint-docker/table4/annotator/pybbs/src/main/java/co/yiiu/pybbs/plugin/RedisCachePlugin.java
999	co.yiiu.pybbs.hook.FileUtilHook	upload()	0	[]	org.aspectj.lang.annotation.Pointcut	public	false	/home/nima/Desktop/taint-docker/table4/annotator/pybbs/src/main/java/co/yiiu/pybbs/hook/FileUtilHook.java
1000	co.yiiu.pybbs.config.MybatisPlusConfig	sqlSessionFactory(javax.sql.DataSource)	0	[false]	org.springframework.context.annotation.Bean,org.springframework.context.annotation.DependsOn	public	true	/home/nima/Desktop/taint-docker/table4/annotator/pybbs/src/main/java/co/yiiu/pybbs/config/MybatisPlusConfig.java
1001	co.yiiu.pybbs.controller.admin.AdminUserAdminController	list(org.springframework.ui.Model)	0	[false]	org.apache.shiro.authz.annotation.RequiresPermissions,org.springframework.web.bind.annotation.GetMapping	public	true	/home/nima/Desktop/taint-docker/table4/annotator/pybbs/src/main/java/co/yiiu/pybbs/controller/admin/AdminUserAdminController.java
1002	co.yiiu.pybbs.controller.admin.AdminUserAdminController	add(org.springframework.ui.Model)	0	[false]	org.apache.shiro.authz.annotation.RequiresPermissions,org.springframework.web.bind.annotation.GetMapping	public	true	/home/nima/Desktop/taint-docker/table4/annotator/pybbs/src/main/java/co/yiiu/pybbs/controller/admin/AdminUserAdminController.java
1003	co.yiiu.pybbs.controller.admin.AdminUserAdminController	save(co.yiiu.pybbs.model.AdminUser)	0	[false]	org.apache.shiro.authz.annotation.RequiresPermissions,org.springframework.web.bind.annotation.PostMapping	public	true	/home/nima/Desktop/taint-docker/table4/annotator/pybbs/src/main/java/co/yiiu/pybbs/controller/admin/AdminUserAdminController.java
1004	co.yiiu.pybbs.controller.admin.AdminUserAdminController	edit(java.lang.Integer,org.springframework.ui.Model)	0	[false, false]	org.apache.shiro.authz.annotation.RequiresPermissions,org.springframework.web.bind.annotation.GetMapping	public	true	/home/nima/Desktop/taint-docker/table4/annotator/pybbs/src/main/java/co/yiiu/pybbs/controller/admin/AdminUserAdminController.java
1005	co.yiiu.pybbs.controller.admin.AdminUserAdminController	edit(co.yiiu.pybbs.model.AdminUser)	0	[false]	org.apache.shiro.authz.annotation.RequiresPermissions,org.springframework.web.bind.annotation.PostMapping	public	true	/home/nima/Desktop/taint-docker/table4/annotator/pybbs/src/main/java/co/yiiu/pybbs/controller/admin/AdminUserAdminController.java
1006	co.yiiu.pybbs.controller.admin.AdminUserAdminController	delete(java.lang.Integer)	0	[false]	org.apache.shiro.authz.annotation.RequiresPermissions,org.springframework.web.bind.annotation.GetMapping	public	true	/home/nima/Desktop/taint-docker/table4/annotator/pybbs/src/main/java/co/yiiu/pybbs/controller/admin/AdminUserAdminController.java
1007	co.yiiu.pybbs.plugin.CommentLayerPlugin	selectByTopicId(org.aspectj.lang.ProceedingJoinPoint)	0	[false]	org.aspectj.lang.annotation.Around	public	true	/home/nima/Desktop/taint-docker/table4/annotator/pybbs/src/main/java/co/yiiu/pybbs/plugin/CommentLayerPlugin.java
1008	co.yiiu.pybbs.plugin.CommentLayerPlugin	sortByLayer(java.util.List)	0	[false]		private	true	/home/nima/Desktop/taint-docker/table4/annotator/pybbs/src/main/java/co/yiiu/pybbs/plugin/CommentLayerPlugin.java
1009	co.yiiu.pybbs.controller.front.CommentController	edit(java.lang.Integer,org.springframework.ui.Model)	0	[false, false]	org.springframework.web.bind.annotation.GetMapping	public	true	/home/nima/Desktop/taint-docker/table4/annotator/pybbs/src/main/java/co/yiiu/pybbs/controller/front/CommentController.java
1010	co.yiiu.pybbs.hook.IndexedServiceHook	indexAllTopic()	0	[]	org.aspectj.lang.annotation.Pointcut	public	false	/home/nima/Desktop/taint-docker/table4/annotator/pybbs/src/main/java/co/yiiu/pybbs/hook/IndexedServiceHook.java
1011	co.yiiu.pybbs.hook.IndexedServiceHook	indexTopic()	0	[]	org.aspectj.lang.annotation.Pointcut	public	false	/home/nima/Desktop/taint-docker/table4/annotator/pybbs/src/main/java/co/yiiu/pybbs/hook/IndexedServiceHook.java
1012	co.yiiu.pybbs.hook.IndexedServiceHook	deleteTopicIndex()	0	[]	org.aspectj.lang.annotation.Pointcut	public	false	/home/nima/Desktop/taint-docker/table4/annotator/pybbs/src/main/java/co/yiiu/pybbs/hook/IndexedServiceHook.java
1013	co.yiiu.pybbs.hook.IndexedServiceHook	batchDeleteIndex()	0	[]	org.aspectj.lang.annotation.Pointcut	public	false	/home/nima/Desktop/taint-docker/table4/annotator/pybbs/src/main/java/co/yiiu/pybbs/hook/IndexedServiceHook.java
1014	co.yiiu.pybbs.util.captcha.Quant	Quant(byte[],int,int)	0	[false, false, false]		public	false	/home/nima/Desktop/taint-docker/table4/annotator/pybbs/src/main/java/co/yiiu/pybbs/util/captcha/Quant.java
1015	co.yiiu.pybbs.util.captcha.Quant	colorMap()	0	[]		public	true	/home/nima/Desktop/taint-docker/table4/annotator/pybbs/src/main/java/co/yiiu/pybbs/util/captcha/Quant.java
1016	co.yiiu.pybbs.util.captcha.Quant	inxbuild()	0	[]		public	false	/home/nima/Desktop/taint-docker/table4/annotator/pybbs/src/main/java/co/yiiu/pybbs/util/captcha/Quant.java
1017	co.yiiu.pybbs.util.captcha.Quant	learn()	0	[]		public	false	/home/nima/Desktop/taint-docker/table4/annotator/pybbs/src/main/java/co/yiiu/pybbs/util/captcha/Quant.java
1018	co.yiiu.pybbs.util.captcha.Quant	map(int,int,int)	0	[false, false, false]		public	false	/home/nima/Desktop/taint-docker/table4/annotator/pybbs/src/main/java/co/yiiu/pybbs/util/captcha/Quant.java
1019	co.yiiu.pybbs.util.captcha.Quant	process()	0	[]		public	true	/home/nima/Desktop/taint-docker/table4/annotator/pybbs/src/main/java/co/yiiu/pybbs/util/captcha/Quant.java
1020	co.yiiu.pybbs.util.captcha.Quant	unbiasnet()	0	[]		public	false	/home/nima/Desktop/taint-docker/table4/annotator/pybbs/src/main/java/co/yiiu/pybbs/util/captcha/Quant.java
1021	co.yiiu.pybbs.util.captcha.Quant	alterneigh(int,int,int,int,int)	0	[false, false, false, false, false]		protected	false	/home/nima/Desktop/taint-docker/table4/annotator/pybbs/src/main/java/co/yiiu/pybbs/util/captcha/Quant.java
1022	co.yiiu.pybbs.util.captcha.Quant	altersingle(int,int,int,int,int)	0	[false, false, false, false, false]		protected	false	/home/nima/Desktop/taint-docker/table4/annotator/pybbs/src/main/java/co/yiiu/pybbs/util/captcha/Quant.java
1023	co.yiiu.pybbs.util.captcha.Quant	contest(int,int,int)	0	[false, false, false]		protected	false	/home/nima/Desktop/taint-docker/table4/annotator/pybbs/src/main/java/co/yiiu/pybbs/util/captcha/Quant.java
1024	co.yiiu.pybbs.controller.api.NotificationApiController	notRead()	0	[]	org.springframework.web.bind.annotation.GetMapping	public	true	/home/nima/Desktop/taint-docker/table4/annotator/pybbs/src/main/java/co/yiiu/pybbs/controller/api/NotificationApiController.java
1025	co.yiiu.pybbs.controller.api.NotificationApiController	markRead()	0	[]	org.springframework.web.bind.annotation.GetMapping	public	true	/home/nima/Desktop/taint-docker/table4/annotator/pybbs/src/main/java/co/yiiu/pybbs/controller/api/NotificationApiController.java
1026	co.yiiu.pybbs.controller.api.NotificationApiController	list()	0	[]	org.springframework.web.bind.annotation.GetMapping	public	true	/home/nima/Desktop/taint-docker/table4/annotator/pybbs/src/main/java/co/yiiu/pybbs/controller/api/NotificationApiController.java
1027	co.yiiu.pybbs.service.impl.AdminUserService	selectByUsername(java.lang.String)	389	[false]	java.lang.Override	public	true	/home/nima/Desktop/taint-docker/table4/annotator/pybbs/src/main/java/co/yiiu/pybbs/service/impl/AdminUserService.java
1028	co.yiiu.pybbs.service.impl.AdminUserService	selectAll()	390	[]	java.lang.Override	public	true	/home/nima/Desktop/taint-docker/table4/annotator/pybbs/src/main/java/co/yiiu/pybbs/service/impl/AdminUserService.java
1029	co.yiiu.pybbs.service.impl.AdminUserService	update(co.yiiu.pybbs.model.AdminUser)	391	[false]	java.lang.Override	public	false	/home/nima/Desktop/taint-docker/table4/annotator/pybbs/src/main/java/co/yiiu/pybbs/service/impl/AdminUserService.java
1030	co.yiiu.pybbs.service.impl.AdminUserService	insert(co.yiiu.pybbs.model.AdminUser)	392	[false]	java.lang.Override	public	false	/home/nima/Desktop/taint-docker/table4/annotator/pybbs/src/main/java/co/yiiu/pybbs/service/impl/AdminUserService.java
1031	co.yiiu.pybbs.service.impl.AdminUserService	delete(java.lang.Integer)	393	[false]	java.lang.Override	public	false	/home/nima/Desktop/taint-docker/table4/annotator/pybbs/src/main/java/co/yiiu/pybbs/service/impl/AdminUserService.java
1032	co.yiiu.pybbs.service.impl.AdminUserService	selectById(java.lang.Integer)	394	[false]	java.lang.Override	public	true	/home/nima/Desktop/taint-docker/table4/annotator/pybbs/src/main/java/co/yiiu/pybbs/service/impl/AdminUserService.java
1033	co.yiiu.pybbs.service.impl.AdminUserService	selectByRoleId(java.lang.Integer)	395	[false]	java.lang.Override	public	true	/home/nima/Desktop/taint-docker/table4/annotator/pybbs/src/main/java/co/yiiu/pybbs/service/impl/AdminUserService.java
1034	co.yiiu.pybbs.service.impl.CollectService	selectByTopicId(java.lang.Integer)	159	[false]	java.lang.Override	public	true	/home/nima/Desktop/taint-docker/table4/annotator/pybbs/src/main/java/co/yiiu/pybbs/service/impl/CollectService.java
1035	co.yiiu.pybbs.service.impl.CollectService	selectByTopicIdAndUserId(java.lang.Integer,java.lang.Integer)	160	[false, false]	java.lang.Override	public	true	/home/nima/Desktop/taint-docker/table4/annotator/pybbs/src/main/java/co/yiiu/pybbs/service/impl/CollectService.java
1036	co.yiiu.pybbs.service.impl.CollectService	insert(java.lang.Integer,co.yiiu.pybbs.model.User)	161	[false, false]	java.lang.Override	public	true	/home/nima/Desktop/taint-docker/table4/annotator/pybbs/src/main/java/co/yiiu/pybbs/service/impl/CollectService.java
1037	co.yiiu.pybbs.service.impl.CollectService	delete(java.lang.Integer,java.lang.Integer)	162	[false, false]	java.lang.Override	public	false	/home/nima/Desktop/taint-docker/table4/annotator/pybbs/src/main/java/co/yiiu/pybbs/service/impl/CollectService.java
1038	co.yiiu.pybbs.service.impl.CollectService	deleteByTopicId(java.lang.Integer)	163	[false]	java.lang.Override	public	false	/home/nima/Desktop/taint-docker/table4/annotator/pybbs/src/main/java/co/yiiu/pybbs/service/impl/CollectService.java
1039	co.yiiu.pybbs.service.impl.CollectService	deleteByUserId(java.lang.Integer)	164	[false]	java.lang.Override	public	false	/home/nima/Desktop/taint-docker/table4/annotator/pybbs/src/main/java/co/yiiu/pybbs/service/impl/CollectService.java
1040	co.yiiu.pybbs.service.impl.CollectService	countByUserId(java.lang.Integer)	165	[false]	java.lang.Override	public	false	/home/nima/Desktop/taint-docker/table4/annotator/pybbs/src/main/java/co/yiiu/pybbs/service/impl/CollectService.java
1041	co.yiiu.pybbs.service.impl.CollectService	selectByUserId(java.lang.Integer,java.lang.Integer,java.lang.Integer)	166	[false, false, false]	java.lang.Override	public	true	/home/nima/Desktop/taint-docker/table4/annotator/pybbs/src/main/java/co/yiiu/pybbs/service/impl/CollectService.java
1042	co.yiiu.pybbs.controller.admin.PermissionAdminController	list(java.lang.Integer,org.springframework.ui.Model)	0	[false, false]	org.apache.shiro.authz.annotation.RequiresPermissions,org.springframework.web.bind.annotation.GetMapping	public	true	/home/nima/Desktop/taint-docker/table4/annotator/pybbs/src/main/java/co/yiiu/pybbs/controller/admin/PermissionAdminController.java
1043	co.yiiu.pybbs.controller.admin.PermissionAdminController	add(co.yiiu.pybbs.model.Permission)	0	[false]	org.apache.shiro.authz.annotation.RequiresPermissions,org.springframework.web.bind.annotation.PostMapping,org.springframework.web.bind.annotation.ResponseBody	public	true	/home/nima/Desktop/taint-docker/table4/annotator/pybbs/src/main/java/co/yiiu/pybbs/controller/admin/PermissionAdminController.java
1044	co.yiiu.pybbs.controller.admin.PermissionAdminController	edit(co.yiiu.pybbs.model.Permission)	0	[false]	org.apache.shiro.authz.annotation.RequiresPermissions,org.springframework.web.bind.annotation.PostMapping,org.springframework.web.bind.annotation.ResponseBody	public	true	/home/nima/Desktop/taint-docker/table4/annotator/pybbs/src/main/java/co/yiiu/pybbs/controller/admin/PermissionAdminController.java
1045	co.yiiu.pybbs.controller.admin.PermissionAdminController	delete(java.lang.Integer)	0	[false]	org.apache.shiro.authz.annotation.RequiresPermissions,org.springframework.web.bind.annotation.GetMapping,org.springframework.web.bind.annotation.ResponseBody	public	true	/home/nima/Desktop/taint-docker/table4/annotator/pybbs/src/main/java/co/yiiu/pybbs/controller/admin/PermissionAdminController.java
1046	co.yiiu.pybbs.controller.admin.SystemConfigAdminController	edit(org.springframework.ui.Model)	0	[false]	org.apache.shiro.authz.annotation.RequiresPermissions,org.springframework.web.bind.annotation.GetMapping	public	true	/home/nima/Desktop/taint-docker/table4/annotator/pybbs/src/main/java/co/yiiu/pybbs/controller/admin/SystemConfigAdminController.java
1047	co.yiiu.pybbs.controller.admin.SystemConfigAdminController	edit(java.util.List)	0	[false]	org.apache.shiro.authz.annotation.RequiresPermissions,org.springframework.web.bind.annotation.PostMapping,org.springframework.web.bind.annotation.ResponseBody	public	true	/home/nima/Desktop/taint-docker/table4/annotator/pybbs/src/main/java/co/yiiu/pybbs/controller/admin/SystemConfigAdminController.java
1048	co.yiiu.pybbs.controller.admin.CommentAdminController	list(java.lang.Integer,java.lang.String,java.lang.String,java.lang.String,org.springframework.ui.Model)	0	[false, false, false, false, false]	org.apache.shiro.authz.annotation.RequiresPermissions,org.springframework.web.bind.annotation.GetMapping	public	true	/home/nima/Desktop/taint-docker/table4/annotator/pybbs/src/main/java/co/yiiu/pybbs/controller/admin/CommentAdminController.java
1049	co.yiiu.pybbs.controller.admin.CommentAdminController	edit(java.lang.Integer,org.springframework.ui.Model)	0	[false, false]	org.apache.shiro.authz.annotation.RequiresPermissions,org.springframework.web.bind.annotation.GetMapping	public	true	/home/nima/Desktop/taint-docker/table4/annotator/pybbs/src/main/java/co/yiiu/pybbs/controller/admin/CommentAdminController.java
1050	co.yiiu.pybbs.controller.admin.CommentAdminController	update(java.lang.Integer,java.lang.String)	0	[false, false]	org.apache.shiro.authz.annotation.RequiresPermissions,org.springframework.web.bind.annotation.PostMapping,org.springframework.web.bind.annotation.ResponseBody	public	true	/home/nima/Desktop/taint-docker/table4/annotator/pybbs/src/main/java/co/yiiu/pybbs/controller/admin/CommentAdminController.java
1051	co.yiiu.pybbs.controller.admin.CommentAdminController	examine(java.lang.Integer)	0	[false]	org.apache.shiro.authz.annotation.RequiresPermissions,org.springframework.web.bind.annotation.GetMapping,org.springframework.web.bind.annotation.ResponseBody	public	true	/home/nima/Desktop/taint-docker/table4/annotator/pybbs/src/main/java/co/yiiu/pybbs/controller/admin/CommentAdminController.java
1052	co.yiiu.pybbs.controller.admin.CommentAdminController	delete(java.lang.Integer)	0	[false]	org.apache.shiro.authz.annotation.RequiresPermissions,org.springframework.web.bind.annotation.GetMapping,org.springframework.web.bind.annotation.ResponseBody	public	true	/home/nima/Desktop/taint-docker/table4/annotator/pybbs/src/main/java/co/yiiu/pybbs/controller/admin/CommentAdminController.java
